time,w1,w2,w3
1,101.3,93.8,100.9
2,101.3,103.9,100.9
3,101.5,103.9,101.2
4,101.7,103.6,101.4
5,102.0,103.5,101.5
6,102.1,103.3,101.7
7,102.2,103.1,101.8
8,102.2,103.1,101.8
9,102.2,103.1,102.0
10,102.5,102.9,102.2
11,102.6,102.9,102.4
12,102.7,102.7,102.4
13,102.8,102.6,102.4
14,102.8,102.8,102.4
15,102.8,102.7,102.6
16,103.0,102.6,102.6
17,103.2,102.5,102.7
18,103.3,102.4,102.8
19,103.2,102.4,102.7
20,103.2,102.3,102.7
21,102.8,97.2,101.8
22,102.2,97.2,101.3
23,101.7,96.8,100.8
24,95.9,96.3,94.9
25,95.7,96.0,94.7
26,95.5,95.9,94.6
27,95.3,95.7,94.4
28,95.3,95.5,94.4
29,95.3,95.2,94.4
30,95.2,95.0,94.3
31,95.2,94.8,94.2
32,95.1,94.7,94.2
33,95.0,94.7,94.1
34,95.1,94.7,94.1
35,95.1,94.5,94.0
36,95.0,94.4,93.9
37,94.9,94.2,93.8
38,94.7,94.0,94.0
39,94.6,94.0,93.8
40,94.6,93.9,93.8
41,94.7,93.8,93.7
42,94.6,93.7,93.7
43,94.5,93.8,93.8
44,94.5,93.7,93.9
45,94.5,93.6,93.8
46,94.5,93.6,93.7
47,94.8,93.5,93.8
48,95.0,93.5,93.7
49,94.9,93.5,93.9
50,94.8,93.4,93.8
51,94.6,93.4,93.7
52,94.7,93.3,93.8
53,94.7,93.3,93.8
54,94.8,93.5,93.8
55,94.6,93.5,94.0
56,94.5,93.6,93.8
57,94.5,93.5,93.8
58,94.6,93.4,93.8
59,94.5,93.4,93.8
60,94.5,93.4,93.7
61,94.4,93.4,93.8
62,94.4,93.5,93.8
63,94.6,93.4,93.8
64,94.7,93.3,93.8
65,94.7,93.4,93.7
66,94.5,93.5,93.7
67,94.5,93.5,93.8
68,94.5,93.5,93.8
69,94.4,93.5,93.8
70,94.5,93.4,93.8
71,94.5,93.3,93.7
72,94.4,93.3,93.6
73,94.3,93.3,93.8
74,94.2,93.4,93.7
75,94.0,93.6,93.7
76,94.2,93.5,93.7
77,94.1,93.4,93.6
78,93.9,93.4,93.6
79,93.8,93.4,93.7
80,93.7,93.6,93.7
81,93.6,93.5,93.7
82,93.8,93.4,93.6
83,93.7,93.4,93.6
84,93.6,93.3,93.6
85,93.6,93.5,93.8
86,93.5,93.5,93.8
87,93.6,93.4,93.8
88,93.8,93.4,93.7
89,93.7,93.3,93.8
90,93.7,93.5,93.8
91,93.7,93.5,93.9
92,93.7,93.6,93.9
93,93.8,93.5,93.8
94,93.9,93.4,93.7
95,94.0,93.6,93.7
96,94.0,93.4,93.7
97,93.9,93.5,93.8
98,93.9,93.6,93.8
99,93.9,93.5,93.7
100,94.0,93.6,93.6
101,93.9,93.6,93.6
102,93.8,93.5,93.6
103,93.7,93.5,93.8
104,93.7,93.6,93.8
105,93.9,93.7,93.7
106,94.0,93.6,93.7
107,93.9,93.5,93.6
108,93.9,93.4,93.6
109,93.8,93.5,93.6
110,93.7,93.6,93.6
111,93.6,93.6,93.5
112,93.9,93.5,93.5
113,93.7,93.4,93.5
114,93.7,93.3,93.4
115,93.6,93.5,93.7
116,93.6,93.6,93.6
117,93.6,93.6,93.5
118,93.7,93.5,93.5
119,93.6,93.4,93.5
120,93.7,93.5,93.5
121,93.5,93.7,93.6
122,93.5,93.6,93.7
123,93.5,93.6,93.6
124,93.6,93.6,93.5
125,93.6,93.6,93.6
126,93.7,93.6,93.6
127,93.6,93.6,93.8
128,93.6,93.7,93.7
129,93.5,93.6,93.7
130,93.5,93.7,93.7
131,93.6,93.6,93.6
132,93.6,93.5,93.5
133,93.6,93.5,93.6
134,93.7,93.6,93.6
135,93.6,93.7,93.6
136,93.6,93.6,93.5
137,93.8,93.5,93.5
138,93.8,93.5,93.6
139,93.7,93.5,93.8
140,93.6,93.7,93.7
141,93.5,93.7,93.7
142,93.6,93.5,93.7
143,93.8,93.5,93.7
144,93.8,93.5,93.7
145,93.6,93.5,93.8
146,93.6,93.6,93.7
147,93.5,93.5,93.7
148,93.6,93.4,93.6
149,93.6,93.4,93.6
150,93.5,93.4,93.6
151,93.5,93.6,93.8
152,93.5,93.6,93.8
153,93.4,93.5,93.8
154,93.5,93.4,93.7
155,93.5,93.5,93.7
156,93.5,93.5,93.6
157,93.5,93.6,93.8
158,93.4,93.6,93.8
159,93.4,93.5,93.7
160,93.6,93.6,93.6
161,93.6,93.6,93.5
162,93.5,93.5,93.5
163,93.6,93.6,93.7
164,93.5,93.7,93.7
165,93.4,93.6,93.7
166,93.5,93.8,93.6
167,93.5,93.7,93.6
168,93.6,93.6,93.7
169,93.6,93.6,93.9
170,93.5,93.8,93.9
171,93.5,93.8,93.9
172,93.6,93.7,93.9
173,93.6,93.6,93.8
174,93.5,93.4,93.8
175,93.5,93.5,93.9
176,93.4,93.6,94.0
177,93.4,93.5,93.9
178,93.4,93.4,93.9
179,93.6,93.4,93.9
180,93.6,93.4,93.8
181,93.6,93.6,94.1
182,93.5,93.5,94.1
183,93.4,93.5,94.4
184,93.5,93.4,94.6
185,93.5,93.5,94.4
186,93.5,93.6,94.3
187,93.4,93.7,94.5
188,93.3,93.7,94.4
189,93.3,93.6,94.4
190,93.4,93.7,94.4
191,93.5,93.7,94.4
192,93.4,93.6,94.3
193,93.3,93.6,94.4
194,93.3,93.6,94.3
195,93.3,93.7,94.2
196,93.3,93.7,94.2
197,93.4,93.5,94.1
198,93.5,93.5,94.0
199,93.4,93.5,94.1
200,93.4,93.5,94.2
201,93.3,93.6,94.1
202,93.4,93.5,94.1
203,93.5,93.4,94.1
204,93.6,93.3,94.1
205,93.5,93.4,94.3
206,93.4,93.4,94.1
207,93.3,93.4,94.2
208,93.4,93.3,94.2
209,93.5,93.3,94.1
210,93.5,93.3,94.2
211,93.5,93.5,94.3
212,93.4,93.6,94.2
213,93.5,93.5,94.2
214,93.7,93.4,94.2
215,93.7,93.4,94.1
216,93.6,93.5,94.2
217,93.5,93.5,94.2
218,93.5,93.6,94.2
219,93.4,93.6,94.2
220,93.6,93.5,94.1
221,93.6,93.6,94.1
222,93.5,93.6,94.2
223,93.5,93.6,94.4
224,93.5,93.6,94.4
225,93.5,93.6,94.4
226,93.6,93.6,94.2
227,93.6,93.6,94.1
228,93.5,93.5,94.1
229,93.4,93.5,94.1
230,93.4,93.5,94.0
231,93.3,93.6,93.9
232,93.5,93.5,93.8
233,93.6,93.5,93.8
234,93.4,93.4,93.8
235,93.4,93.5,93.8
236,93.3,93.6,93.7
237,93.3,93.6,93.7
238,93.5,93.6,93.6
239,93.5,93.7,93.5
240,93.5,93.7,93.6
241,93.4,93.9,93.5
242,93.4,94.0,93.5
243,93.4,93.9,93.5
244,93.6,93.9,93.4
245,93.5,93.9,93.4
246,93.4,94.0,93.5
247,93.4,94.1,93.6
248,93.3,94.2,93.5
249,93.3,94.1,93.4
250,93.3,94.1,93.4
251,93.4,94.2,93.4
252,93.4,94.1,93.4
253,93.4,94.2,93.5
254,93.3,94.2,93.4
255,93.3,94.2,93.4
256,93.4,94.3,93.4
257,93.4,94.1,93.4
258,93.4,94.1,93.4
259,93.3,94.1,93.4
260,93.3,94.1,93.4
261,93.2,94.3,93.3
262,93.3,94.2,93.2
263,93.3,94.1,93.2
264,93.2,94.0,93.3
265,93.2,94.1,93.6
266,93.2,94.2,93.6
267,93.3,94.1,93.5
268,93.3,94.1,93.4
269,93.5,93.9,93.4
270,93.4,94.0,93.4
271,93.3,94.2,93.5
272,93.3,94.1,93.4
273,93.3,94.0,93.3
274,93.5,94.0,93.3
275,93.6,93.9,93.3
276,93.5,94.1,93.4
277,93.4,94.1,93.4
278,93.4,94.0,93.4
279,93.3,94.0,93.3
280,93.4,93.9,93.3
281,93.5,94.0,93.2
282,93.4,94.1,93.4
283,93.3,94.1,93.4
284,93.3,94.0,93.3
285,93.3,94.0,93.3
286,93.4,94.1,93.3
287,93.5,94.1,93.3
288,93.4,94.1,93.4
289,93.3,94.1,93.5
290,93.3,94.1,93.5
291,93.2,94.3,93.4
292,93.5,94.1,93.4
293,93.5,94.1,93.4
294,93.4,94.1,93.5
295,93.4,94.2,93.6
296,93.4,94.3,93.5
297,93.3,94.3,93.4
298,93.5,94.1,93.5
299,93.5,94.2,93.5
300,93.4,94.1,93.6
301,93.4,94.1,93.7
302,93.4,94.0,93.6
303,93.5,93.9,93.5
304,93.5,93.7,93.5
305,93.6,93.7,93.4
306,93.8,93.8,93.5
307,93.7,93.7,93.5
308,93.8,93.6,93.5
309,93.7,93.5,93.5
310,93.7,93.4,93.4
311,93.7,93.6,93.4
312,93.8,93.5,93.5
313,93.8,93.5,93.4
314,93.8,93.4,93.6
315,93.9,93.3,93.7
316,94.2,93.5,93.6
317,94.1,93.6,93.6
318,94.1,93.6,93.7
319,94.0,93.5,93.7
320,94.0,93.4,93.6
321,94.3,93.5,93.5
322,100.2,93.4,93.6
323,105.4,93.4,93.7
324,105.2,93.4,93.7
325,104.8,93.4,93.7
326,104.4,93.5,93.6
327,104.0,93.5,93.5
328,103.6,93.4,93.5
329,103.0,93.3,93.5
330,102.8,93.4,93.5
331,102.6,93.6,93.5
332,102.2,93.5,93.5
333,101.9,93.4,93.4
334,101.8,93.3,93.5
335,102.0,93.4,93.5
336,102.4,93.6,93.6
337,102.5,93.5,93.6
338,102.7,93.4,93.6
339,103.2,93.3,93.5
340,103.8,93.4,93.5
341,104.1,93.5,93.5
342,104.3,93.5,93.6
343,104.6,93.4,93.6
344,105.0,93.2,93.7
345,105.2,93.2,93.6
346,105.6,93.3,93.6
347,105.7,93.3,93.6
348,105.8,93.3,93.6
349,105.9,93.3,93.5
350,106.0,93.2,93.4
351,106.0,93.3,93.4
352,106.2,93.4,93.4
353,106.2,93.5,93.3
354,106.3,93.4,93.4
355,106.3,93.3,93.5
356,106.4,93.4,93.5
357,106.4,93.4,93.5
358,106.7,93.5,93.5
359,106.7,93.5,93.4
360,106.6,93.4,93.6
361,106.6,93.4,93.6
362,106.6,93.5,93.5
363,106.5,93.4,93.5
364,106.7,93.4,93.5
365,106.7,93.5,93.4
366,106.7,93.4,93.5
367,106.8,93.3,93.6
368,106.8,93.3,93.5
369,106.7,93.3,93.7
370,106.9,93.3,93.7
371,106.8,93.5,93.6
372,106.8,93.6,93.7
373,106.8,93.4,93.7
374,106.7,93.3,93.6
375,106.6,93.4,93.5
376,106.7,93.5,93.6
377,106.6,93.4,93.6
378,106.6,93.3,93.7
379,106.6,93.3,93.7
380,106.5,93.2,93.6
381,106.4,93.2,93.6
382,106.5,93.4,93.5
383,106.4,93.3,93.5
384,106.3,93.2,93.6
385,106.3,93.2,93.6
386,106.3,93.1,93.7
387,106.3,93.2,93.9
388,106.4,93.3,93.8
389,106.4,93.2,93.6
390,106.3,93.2,93.7
391,106.3,93.3,93.6
392,106.1,93.3,93.6
393,106.0,93.3,93.6
394,106.1,93.4,93.4
395,106.2,93.4,93.5
396,106.2,93.3,93.6
397,106.2,93.4,93.5
398,106.2,93.3,93.4
399,106.2,93.4,93.5
400,106.2,93.4,93.5
401,106.4,93.3,93.5
402,106.3,93.3,93.6
403,106.3,93.4,93.5
404,106.1,93.4,93.5
405,106.2,93.5,93.4
406,106.5,93.5,93.4
407,106.6,93.4,93.5
408,106.5,93.3,93.5
409,106.4,93.3,93.5
410,106.4,93.3,93.5
411,106.3,93.3,93.4
412,106.2,93.3,93.4
413,106.3,93.2,93.4
414,106.3,93.2,93.6
415,106.2,93.2,93.5
416,106.3,93.2,93.5
417,106.3,93.3,93.3
418,106.4,93.3,93.3
419,106.4,93.2,93.4
420,106.4,93.3,93.5
421,106.3,93.2,93.5
422,106.3,93.3,93.5
423,106.2,93.4,93.4
424,106.3,93.3,93.4
425,106.3,93.3,93.4
426,106.3,93.4,93.4
427,106.3,93.3,93.4
428,106.4,93.3,93.4
429,106.3,93.4,93.3
430,106.4,93.3,93.3
431,106.5,93.3,93.3
432,106.4,93.5,93.4
433,106.3,93.4,93.4
434,106.2,93.4,93.5
435,105.6,93.5,93.5
436,94.9,93.4,93.4
437,94.7,93.4,93.4
438,94.7,93.4,93.5
439,94.5,93.3,93.5
440,94.4,93.4,93.5
441,94.2,93.6,93.5
442,94.2,93.6,93.5
443,94.3,93.5,93.5
444,94.1,93.4,93.7
445,94.1,93.3,93.6
446,94.0,93.4,93.5
447,94.0,93.4,93.4
448,94.1,93.4,93.4
449,94.0,93.3,93.4
450,93.9,93.3,93.5
451,93.9,93.3,93.4
452,93.8,93.4,93.4
453,93.7,93.4,93.4
454,93.7,93.4,93.3
455,93.7,93.3,93.4
456,93.7,93.2,93.5
457,93.7,93.3,93.5
458,93.6,93.5,93.5
459,93.6,93.5,93.3
460,93.7,93.5,93.3
461,93.6,93.5,93.3
462,93.7,93.4,93.5
463,93.6,93.4,93.4
464,93.6,93.5,93.4
465,93.6,93.5,93.8
466,93.8,93.5,93.7
467,93.8,93.4,93.6
468,93.7,93.3,93.7
469,93.6,93.3,93.8
470,93.5,93.3,93.9
471,93.5,93.3,93.9
472,93.7,93.3,93.9
473,93.7,93.3,93.9
474,93.6,93.2,94.1
475,93.6,93.2,94.0
476,93.5,93.2,94.0
477,93.6,93.4,93.9
478,93.7,93.3,93.8
479,93.8,93.2,93.9
480,93.8,93.2,94.0
481,93.7,93.3,93.9
482,93.6,93.3,93.8
483,93.8,93.3,93.8
484,93.9,93.3,93.8
485,93.8,93.2,93.8
486,93.8,93.4,93.9
487,93.6,93.4,93.9
488,93.6,93.4,93.9
489,93.6,93.4,93.9
490,93.6,93.3,93.9
491,93.7,93.2,93.9
492,93.6,93.2,94.1
493,93.5,93.3,94.0
494, ,93.3,94.3
495, ,93.3,94.3
496, ,93.4,94.2
497, ,93.4,94.1
498, ,93.4,94.2
499, ,93.4,94.2
500, ,93.5,94.1
501, ,93.5,93.9
502, ,93.5,93.8
503, ,93.5,93.9
504, ,93.4,94.0
505, ,93.5,94.0
506, ,93.5,93.9
507, ,93.5,94.0
508, ,93.4,94.0
509, ,93.5,94.0
510, ,93.5,94.1
511, ,93.5,94.1
512, ,93.5,94.0
513, ,93.4,94.1
514, ,93.3,94.1
515, ,93.3,94.0
516, ,93.3,94.2
517, ,93.3,94.1
518, ,93.4,94.0
519, ,93.3,93.9
520, ,93.3,93.9
521, ,93.4,93.9
522, ,93.3,94.0
523, ,93.3,93.9
524, ,93.5,93.8
525, ,93.4,93.8
526, ,93.3,93.8
527, ,93.3,93.8
528, ,93.2,93.9
529, ,93.3,93.8
530, ,93.3,93.8
531, ,93.4,93.7
532, ,93.4,93.6
533, ,93.3,93.6
534, ,93.2,93.7
535, ,93.3,93.5
536, ,93.4,93.5
537, ,93.5,93.4
538, ,93.4,93.3
539, ,93.4,93.5
540, ,93.5,93.6
541, ,93.6,93.5
542, ,93.7,93.4
543, ,93.6,93.4
544, ,93.7,93.3
545, ,93.7,93.4
546, ,93.6,93.5
547, ,93.7,93.4
548, ,93.8,93.4
549, ,93.8,93.5
550, ,93.8,93.4
551, ,93.7,93.4
552, ,93.7,93.5
553, ,93.8,93.4
554, ,93.9,93.4
555, ,93.8,93.3
556, ,93.7,93.3
557, ,93.7,93.3
558, ,93.7,93.4
559, ,93.9,93.4
560, ,93.9,93.4
561, ,93.9,93.3
562, ,94.0,93.3
563, ,93.9,93.4
564, ,93.9,93.5
565, ,94.0,93.4
566, ,94.5,93.4
567, ,94.6,93.3
568, ,94.5,93.4
569, ,94.3,93.5
570, ,94.3,93.6
571, ,94.3,93.6
572, ,94.3,93.5
573, ,94.2,93.4
574, ,94.1,93.6
575, ,94.0,93.7
576, ,93.9,93.7
577, ,93.9,93.6
578, ,94.0,93.6
579, ,94.0,93.5
580, ,93.9,93.4
581, ,93.9,93.5
582, ,93.8,93.6
583, ,93.9,93.5
584, ,94.0,93.4
585, ,94.0,93.4
586, ,93.9,93.3
587, ,93.9,93.3
588, ,93.9,93.5
589, ,93.9,93.5
590, ,94.0,93.4
591, ,94.2,93.3
592, ,94.0,93.3
593, ,94.0,93.3
594, ,93.9,93.5
595, ,94.0,93.4
596, ,94.0,93.3
597, ,93.9,93.3
598, ,93.9,93.3
599, ,93.8,93.3
600, ,93.7,93.4
601, ,93.8,93.4
602, ,93.8,93.3
603, ,93.7,93.4
604, ,93.5,93.5
605, ,93.4,93.5
606, ,93.4,93.6
607, ,93.6,93.5
608, ,93.7,93.4
609, ,93.5,93.6
610, ,93.5,93.5
611, ,93.5,93.6
612, ,93.5,93.7
613, ,93.5,93.6
614, ,93.5,93.5
615, ,93.4,93.5
616, ,93.4,93.4
617, ,93.3,93.6
618, ,93.2,93.7
619, ,93.3,93.6
620, ,93.5,93.5
621, ,100.4,93.5
622, ,100.9,93.5
623, ,101.1,93.6
624, ,101.1,93.6
625, ,101.0,93.5
626, ,101.0,93.4
627, ,101.0,93.5
628, ,101.6,93.4
629, ,102.2,93.6
630, ,102.6,93.5
631, ,103.2,93.5
632, ,103.6,93.5
633, ,103.8,93.4
634, ,104.2,93.4
635, ,104.2,93.6
636, ,104.4,93.5
637, ,104.7,93.6
638, ,105.0,93.6
639, ,105.1,93.6
640, ,105.2,93.7
641, ,105.3,93.8
642, ,105.6,93.7
643, ,105.7,93.6
644, ,105.7,93.7
645, ,105.6,93.7
646, ,105.5,93.7
647, ,105.6,93.8
648, ,105.8,93.6
649, ,105.9,93.6
650, ,106.0,93.7
651, ,106.0,93.6
652, ,105.9,93.7
653, ,106.0,93.7
654, ,106.1,93.6
655, ,106.0,93.6
656, ,105.8,93.5
657, ,105.8,93.7
658, ,105.9,93.8
659, ,106.0,93.6
660, ,106.2,93.6
661, ,106.1,93.6
662, ,106.1,93.5
663, ,106.1,93.6
664, ,106.0,93.6
665, ,106.0,93.5
666, ,106.1,93.5
667, ,106.1,93.5
668, ,106.2,93.5
669, ,106.2,93.6
670, ,106.1,93.5
671, ,106.1,93.6
672, ,106.1,93.6
673, ,106.2,93.5
674, ,106.1,93.5
675, ,106.1,93.6
676, ,106.1,93.6
677, ,106.1,93.5
678, ,106.1,93.5
679, ,106.1,93.6
680, ,106.1,93.7
681, ,106.2,93.8
682, ,106.3,93.6
683, ,106.3,93.6
684, ,106.2,93.6
685, ,106.2,93.5
686, ,106.1,93.5
687, ,106.1,93.6
688, ,106.1,93.7
689, ,106.2,93.7
690, ,106.2,93.6
691, ,106.2,93.5
692, ,106.2,93.5
693, ,106.3,93.6
694, ,106.4,93.5
695, ,106.3,93.5
696, ,106.1,93.4
697, ,106.1,93.4
698, ,105.9,93.5
699, ,106.0,93.6
700, ,106.3,93.6
701, ,106.3,93.5
702, ,106.3,93.4
703, ,106.3,93.4
704, ,106.2,93.4
705, ,106.3,93.5
706, ,106.4,93.5
707, ,106.4,93.4
708, ,106.2,93.4
709, ,106.1,93.5
710, ,106.2,93.6
711, ,106.3,93.6
712, ,106.4,93.6
713, ,106.2,93.4
714, ,106.0,93.6
715, ,106.0,93.5
716, ,106.0,93.6
717, ,105.8,93.6
718, ,105.8,93.6
719, ,105.8,93.5
720, ,105.7,93.4
721, ,105.8,93.4
722, ,105.9,93.5
723, ,106.1,93.5
724, ,106.2,93.5
725, ,106.2,93.4
726, ,106.2,93.3
727, ,106.1,93.4
728, ,106.1,93.5
729, ,106.1,93.5
730, ,106.2,93.4
731, ,106.0,93.4
732, ,95.7,93.4
733, ,95.4,93.5
734, ,95.2,93.5
735, ,95.0,93.4
736, ,94.9,93.4
737, ,94.8,93.4
738, ,94.8,93.5
739, ,94.5,93.4
740, ,94.4,93.6
741, ,94.3,93.6
742, ,94.3,93.6
743, ,94.2,93.6
744, ,94.1,93.6
745, ,93.9,93.6
746, ,93.9,93.7
747, ,93.9,93.7
748, ,94.0,93.6
749, ,93.9,93.6
750, ,93.8,93.7
751, ,93.9,93.8
752, ,94.0,93.8
753, ,93.9,93.7
754, ,94.0,93.6
755, ,93.9,93.7
756, ,93.9,93.7
757, ,93.8,93.7
758, ,93.7,93.7
759, ,93.7,93.7
760, ,93.8,93.6
761, ,93.8,93.5
762, ,93.7,93.5
763, ,93.6,93.6
764, ,93.6,93.6
765, ,93.6,93.6
766, ,93.7,93.5
767, ,93.7,93.5
768, ,93.6,93.5
769, ,93.6,93.7
770, ,93.5,93.6
771, ,93.6,93.7
772, ,93.8,93.7
773, ,93.6,93.7
774, ,93.6,93.8
775, ,93.6,93.8
776, ,93.6,93.8
777, ,93.7,93.7
778, ,93.9,93.8
779, ,93.7,93.9
780, ,93.7,94.0
781, ,93.6,94.0
782, ,93.5,94.0
783, ,93.6,94.2
784, ,93.8,94.2
785, ,93.6,94.2
786, ,93.5,94.2
787, ,93.5,94.3
788, ,93.4,94.2
789, ,93.5,94.3
790, , ,94.2
791, , ,94.2
792, , ,94.2
793, , ,94.2
794, , ,94.1
795, , ,94.1
796, , ,94.0
797, , ,94.0
798, , ,94.0
799, , ,94.0
800, , ,93.9
801, , ,93.9
802, , ,93.9
803, , ,94.0
804, , ,94.0
805, , ,94.0
806, , ,93.9
807, , ,93.9
808, , ,93.8
809, , ,93.9
810, , ,94.0
811, , ,94.0
812, , ,93.9
813, , ,94.0
814, , ,94.1
815, , ,94.0
816, , ,94.1
817, , ,94.1
818, , ,94.2
819, , ,94.2
820, , ,94.1
821, , ,94.1
822, , ,94.2
823, , ,94.1
824, , ,94.3
825, , ,94.2
826, , ,94.1
827, , ,94.2
828, , ,94.2
829, , ,94.1
830, , ,94.0
831, , ,94.0
832, , ,94.0
833, , ,94.0
834, , ,94.0
835, , ,93.8
836, , ,93.8
837, , ,93.8
838, , ,93.8
839, , ,93.8
840, , ,93.7
841, , ,93.8
842, , ,93.7
843, , ,93.6
844, , ,93.6
845, , ,93.7
846, , ,93.7
847, , ,93.6
848, , ,93.7
849, , ,93.7
850, , ,93.7
851, , ,93.8
852, , ,93.7
853, , ,93.7
854, , ,93.7
855, , ,93.7
856, , ,93.7
857, , ,93.8
858, , ,93.6
859, , ,93.6
860, , ,93.6
861, , ,93.6
862, , ,93.8
863, , ,93.7
864, , ,93.6
865, , ,93.6
866, , ,93.5
867, , ,93.5
868, , ,93.6
869, , ,93.6
870, , ,93.5
871, , ,93.4
872, , ,93.4
873, , ,93.5
874, , ,93.6
875, , ,93.5
876, , ,93.4
877, , ,93.4
878, , ,93.4
879, , ,93.4
880, , ,93.5
881, , ,93.5
882, , ,93.4
883, , ,93.5
884, , ,93.4
885, , ,93.5
886, , ,93.6
887, , ,93.5
888, , ,93.5
889, , ,93.6
890, , ,93.5
891, , ,93.6
892, , ,93.7
893, , ,93.6
894, , ,93.6
895, , ,93.5
896, , ,93.4
897, , ,93.7
898, , ,93.6
899, , ,93.5
900, , ,93.5
901, , ,93.5
902, , ,93.6
903, , ,93.7
904, , ,93.7
905, , ,93.5
906, , ,93.5
907, , ,93.5
908, , ,93.5
909, , ,93.7
910, , ,93.5
911, , ,93.5
912, , ,93.5
913, , ,93.4
914, , ,93.5
915, , ,93.6
916, , ,93.5
917, , ,93.5
918, , ,93.6
919, , ,93.6
920, , ,93.6
921, , ,94.0
922, , ,94.5
923, , ,101.5
924, , ,101.7
925, , ,101.7
926, , ,101.5
927, , ,101.4
928, , ,101.2
929, , ,101.1
930, , ,100.9
931, , ,100.7
932, , ,100.7
933, , ,100.7
934, , ,100.4
935, , ,100.3
936, , ,100.3
937, , ,100.3
938, , ,100.5
939, , ,101.0
940, , ,101.4
941, , ,101.8
942, , ,101.6
943, , ,101.4
944, , ,101.4
945, , ,101.5
946, , ,101.5
947, , ,101.7
948, , ,101.8
949, , ,101.8
950, , ,101.5
951, , ,101.2
952, , ,100.9
953, , ,101.2
954, , ,100.9
955, , ,100.6
956, , ,100.5
957, , ,100.7
958, , ,100.9
959, , ,101.1
960, , ,101.0
961, , ,100.9
962, , ,100.7
963, , ,101.1
964, , ,101.6
965, , ,102.0
966, , ,102.2
967, , ,102.5
968, , ,102.8
969, , ,102.9
970, , ,103.0
971, , ,103.2
972, , ,102.9
973, , ,97.8
974, , ,97.8
975, , ,97.9
976, , ,98.0
977, , ,98.0
978, , ,104.1
979, , ,104.4
980, , ,104.6
981, , ,104.9
982, , ,105.1
983, , ,105.3
984, , ,105.5
985, , ,105.6
986, , ,105.7
987, , ,105.7
988, , ,105.8
989, , ,105.9
990, , ,106.0
991, , ,106.0
992, , ,106.1
993, , ,106.2
994, , ,106.3
995, , ,106.5
996, , ,106.6
997, , ,106.5
998, , ,106.4
999, , ,106.3
1000, , ,106.2
1001, , ,106.2
1002, , ,106.4
1003, , ,106.4
1004, , ,106.4
1005, , ,106.4
1006, , ,106.3
1007, , ,106.4
1008, , ,106.4
1009, , ,106.4
1010, , ,106.3
1011, , ,106.1
1012, , ,106.2
1013, , ,106.4
1014, , ,106.5
1015, , ,106.4
1016, , ,106.4
1017, , ,106.3
1018, , ,106.3
1019, , ,106.3
1020, , ,106.4
1021, , ,106.3
1022, , ,106.2
1023, , ,106.4
1024, , ,106.5
1025, , ,106.6
1026, , ,106.7
1027, , ,106.6
1028, , ,106.5
1029, , ,106.6
1030, , ,106.6
1031, , ,106.5
1032, , ,106.4
1033, , ,106.4
1034, , ,106.5
1035, , ,106.5
1036, , ,106.6
1037, , ,106.7
1038, , ,106.7
1039, , ,106.6
1040, , ,106.5
1041, , ,106.4
1042, , ,106.5
1043, , ,106.4
1044, , ,106.5
1045, , ,106.5
1046, , ,106.5
1047, , ,106.6
1048, , ,106.7
1049, , ,106.6
1050, , ,106.6
1051, , ,106.5
1052, , ,106.4
1053, , ,106.3
1054, , ,106.4
1055, , ,106.6
1056, , ,106.6
1057, , ,106.6
1058, , ,106.7
1059, , ,106.7
1060, , ,106.7
1061, , ,106.8
1062, , ,106.6
1063, , ,106.5
1064, , ,106.2
1065, , ,97.4
1066, , ,97.0
1067, , ,96.6
1068, , ,96.2
1069, , ,95.9
1070, , ,95.8
1071, , ,95.5
1072, , ,95.5
1073, , ,95.4
1074, , ,95.3
1075, , ,95.1
1076, , ,94.9
1077, , ,95.0
1078, , ,94.9
1079, , ,94.8
1080, , ,94.7
1081, , ,94.6
1082, , ,94.6
1083, , ,94.6
1084, , ,94.7
1085, , ,94.6
1086, , ,94.5
1087, , ,94.4
1088, , ,94.4
1089, , ,94.4
1090, , ,94.5
1091, , ,94.4
1092, , ,94.3
1093, , ,94.4
1094, , ,94.4
1095, , ,94.5
1096, , ,94.5
1097, , ,94.4
1098, , ,94.4
1099, , ,94.5
1100, , ,94.5
1101, , ,94.4
1102, , ,94.4
1103, , ,94.3
1104, , ,94.5
1105, , ,94.4
1106, , ,94.4
1107, , ,94.5
1108, , ,94.5
1109, , ,94.4
1110, , ,94.3
1111, , ,94.3
1112, , ,94.3
1113, , ,94.4
1114, , ,94.4
1115, , ,94.2
1116, , ,94.2
1117, , ,94.2
1118, , ,94.3
1119, , ,94.4
1120, , ,94.3
1121, , ,94.2
1122, , ,94.2
