time,w1,w2,w3
1,117.7,118.3,117.3
2,117.7,118.3,117.3
3,117.3,117.6,116.8
4,97.4,96.8,98.0
5,97.5,97.0,97.9
6,97.7,97.2,97.9
7,97.8,97.3,97.9
8,98.0,97.2,97.8
9,98.1,97.2,97.8
10,98.0,97.2,97.6
11,97.9,97.8,97.6
12,97.8,98.0,97.6
13,97.7,97.9,97.6
14,98.1,97.8,97.5
15,97.9,97.8,97.5
16,97.8,97.6,97.4
17,97.7,97.6,97.4
18,97.8,97.6,97.4
19,97.8,97.6,97.4
20,97.7,97.6,97.5
21,97.5,97.6,97.4
22,97.4,97.5,97.3
23,97.5,97.5,97.3
24,97.4,97.5,97.4
25,97.5,97.5,97.5
26,97.5,97.5,97.4
27,97.4,97.4,97.5
28,97.3,97.3,97.3
29,97.3,97.3,97.2
30,97.2,97.2,97.2
31,97.4,97.4,97.1
32,97.5,97.4,97.2
33,97.4,97.3,97.3
34,97.4,97.4,97.2
35,97.3,97.4,97.2
36,97.3,97.5,97.1
37,97.5,97.7,97.2
38,97.6,97.5,97.1
39,97.4,97.4,97.2
40,97.4,97.4,97.2
41,97.4,97.4,97.2
42,97.3,97.3,97.1
43,97.4,97.5,97.2
44,97.3,97.7,97.3
45,97.2,97.6,97.1
46,97.3,97.5,97.1
47,97.5,97.4,97.0
48,98.0,97.4,97.0
49,98.1,97.5,97.6
50,98.0,97.5,98.1
51,97.8,97.4,98.4
52,97.7,97.6,98.8
53,97.6,98.1,98.8
54,97.7,98.1,98.5
55,97.9,98.2,98.5
56,97.7,98.1,98.3
57,97.6,97.9,98.1
58,98.0,97.8,97.8
59,98.3,97.8,97.8
60,98.3,97.7,97.7
61,98.3,97.8,97.8
62,98.1,97.7,97.8
63,98.0,97.6,97.5
64,97.9,97.6,97.5
65,97.9,97.4,97.4
66,97.9,97.4,97.3
67,97.8,97.6,97.4
68,97.7,97.4,97.4
69,97.6,97.3,97.3
70,97.5,97.3,97.3
71,97.4,97.2,97.3
72,97.4,97.3,97.2
73,97.5,97.5,97.3
74,97.3,97.4,97.3
75,97.3,97.3,97.4
76,97.3,97.3,97.3
77,97.2,97.2,97.2
78,97.2,97.2,97.2
79,97.3,97.4,97.4
80,97.2,97.3,97.3
81,97.2,97.3,97.2
82,97.1,97.5,97.1
83,97.1,97.4,97.0
84,97.1,97.4,97.2
85,97.2,97.6,97.3
86,97.2,97.5,97.2
87,97.2,97.5,97.3
88,97.0,97.5,97.1
89,97.0,97.4,97.0
90,97.1,97.4,97.1
91,97.2,97.6,97.4
92,97.3,97.4,97.3
93,97.2,97.4,97.3
94,97.1,97.4,97.3
95,97.2,97.3,97.2
96,97.3,97.3,97.2
97,97.4,97.4,97.3
98,97.5,97.3,97.2
99,97.5,97.2,97.2
100,97.3,97.1,97.3
101,97.3,97.2,97.3
102,97.3,97.2,97.2
103,97.3,97.3,97.2
104,97.3,97.3,97.1
105,97.3,97.4,97.1
106,97.2,97.3,97.1
107,97.2,97.3,97.0
108,97.2,97.5,97.0
109,97.3,97.6,97.0
110,97.2,97.6,97.1
111,97.2,97.5,97.1
112,97.1,97.4,96.9
113,97.1,97.4,97.0
114,97.1,97.6,97.0
115,97.2,97.6,97.0
116,97.2,97.6,97.1
117,97.1,97.6,97.1
118,97.2,97.4,96.9
119,97.2,97.4,96.9
120,97.1,97.5,96.9
121,97.3,97.5,96.9
122,97.3,97.5,97.0
123,97.2,97.4,97.1
124,97.2,97.4,97.0
125,97.3,97.4,97.0
126,97.2,97.4,97.0
127,97.2,97.5,97.0
128,97.4,97.5,97.1
129,97.3,97.4,97.2
130,97.4,97.5,97.1
131,97.4,97.4,97.1
132,97.3,97.4,97.1
133,97.4,97.5,97.0
134,97.3,97.5,97.0
135,97.2,97.4,97.0
136,97.2,97.4,96.9
137,97.3,97.4,96.9
138,97.3,97.4,96.9
139,97.3,97.5,96.9
140,97.9,97.5,97.0
141,97.8,97.5,96.9
142,97.8,97.4,96.9
143,97.9,97.4,97.0
144,97.7,97.5,96.9
145,97.9,97.6,97.1
146,97.8,97.6,97.3
147,97.6,97.4,97.1
148,97.5,97.4,97.1
149,97.4,97.3,97.0
150,97.4,97.3,97.0
151,97.5,97.4,97.1
152,97.4,97.4,97.2
153,97.3,97.3,97.1
154,97.3,97.2,97.1
155,97.2,97.2,97.1
156,97.2,97.1,97.0
157,97.2,97.3,97.1
158,97.2,97.3,97.2
159,97.3,97.1,97.1
160,97.2,97.1,97.1
161,97.1,97.1,97.2
162,97.2,97.0,97.0
163,97.1,97.2,97.2
164,97.1,97.3,97.4
165,97.2,97.2,97.3
166,97.2,97.2,97.3
167,97.0,97.2,97.2
168,97.0,97.4,97.1
169,97.0,97.5,97.2
170,97.0,97.4,97.3
171,97.1,97.3,97.2
172,97.2,97.3,97.1
173,97.2,97.4,97.1
174,97.2,97.5,97.0
175,97.2,97.6,97.1
176,97.1,97.5,97.0
177,97.2,97.5,96.9
178,97.5,97.4,96.9
179,97.3,97.3,97.0
180,97.3,97.3,97.0
181,97.3,97.5,97.1
182,97.2,97.3,97.1
183,97.4,97.3,97.1
184,97.4,97.3,97.1
185,97.3,97.2,96.9
186,97.3,97.3,96.9
187,97.2,97.5,97.1
188,97.2,97.4,97.2
189,97.4,97.3,97.3
190,97.2,97.3,97.4
191,97.3,97.2,97.3
192,97.3,97.2,97.3
193,97.1,97.4,97.4
194,97.1,97.3,97.3
195,97.3,97.3,97.4
196,97.2,97.6,97.4
197,97.3,97.5,97.3
198,97.5,97.5,97.4
199,97.4,97.6,97.5
200,97.4,97.5,97.6
201,97.5,97.5,97.5
202,97.4,97.5,97.6
203,97.3,97.4,97.5
204,97.3,97.4,97.5
205,97.2,97.5,97.7
206,97.3,97.4,97.7
207,97.6,97.4,97.8
208,97.5,97.4,97.8
209,97.4,97.4,97.8
210,97.3,97.4,97.8
211,97.2,97.5,97.8
212,97.3,97.4,97.8
213,97.5,97.4,97.8
214,97.3,97.3,97.9
215,97.4,97.4,97.9
216,97.3,97.5,97.9
217,97.2,97.6,97.9
218,97.2,97.8,98.0
219,97.3,97.7,98.0
220,97.3,97.5,97.9
221,97.3,97.4,97.9
222,97.1,97.5,97.9
223,97.0,97.6,97.9
224,97.1,97.6,98.2
225,97.2,97.5,98.2
226,97.2,97.4,98.0
227,97.1,97.4,98.0
228,97.0,97.8,98.0
229,97.0,97.6,98.1
230,97.1,97.6,98.1
231,97.2,97.5,98.2
232,97.2,97.4,98.2
233,97.1,97.5,98.1
234,97.0,97.6,98.0
235,97.0,97.5,98.0
236,97.1,97.5,98.0
237,97.1,97.4,98.0
238,97.1,97.4,97.8
239,97.1,97.5,97.9
240,97.0,97.5,98.0
241,97.0,97.5,98.0
242,97.2,97.6,98.1
243,97.3,97.7,98.0
244,97.3,97.6,97.9
245,97.2,97.6,97.9
246,97.1,97.7,97.7
247,97.1,97.7,97.8
248,97.3,97.7,97.8
249,97.4,97.6,97.8
250,97.4,97.5,97.8
251,97.3,97.5,97.6
252,97.4,97.6,97.5
253,97.4,97.6,97.6
254,97.4,97.6,97.6
255,97.6,97.4,97.5
256,97.6,97.5,97.4
257,97.5,97.5,97.4
258,97.5,97.6,97.2
259,97.5,97.6,97.3
260,97.4,97.6,97.3
261,97.7,97.4,97.2
262,97.7,97.5,97.2
263,97.6,97.6,97.1
264,97.6,97.6,97.0
265,97.6,97.7,97.2
266,97.5,97.6,97.3
267,97.8,97.6,97.1
268,98.0,97.7,97.2
269,97.8,97.7,102.5
270,97.8,97.8,96.8
271,97.8,97.7,97.0
272,97.7,97.7,97.1
273,97.9,97.8,97.0
274,97.9,97.7,97.1
275,97.8,97.6,97.2
276,97.8,97.8,97.1
277,97.9,97.7,97.2
278,97.9,97.7,97.2
279,98.0,97.7,97.2
280,98.0,97.5,97.3
281,97.9,97.4,97.1
282,97.8,97.5,97.0
283,97.9,97.5,97.1
284,97.8,97.5,97.1
285,98.0,97.4,97.3
286,97.8,97.3,97.2
287,97.8,97.2,97.0
288,97.7,97.4,97.1
289,97.6,97.4,97.2
290,97.6,97.2,97.3
291,97.8,97.2,97.2
292,97.7,97.4,97.2
293,97.7,97.3,97.1
294,97.7,97.4,97.2
295,97.6,97.3,97.3
296,97.7,97.2,97.2
297,97.9,97.2,97.3
298,97.9,97.1,97.4
299,97.9,97.1,97.3
300,97.9,97.2,97.2
301,97.7,97.2,97.4
302,97.7,97.1,97.4
303,105.2,97.1,97.5
304,125.7,97.0,97.5
305,125.8,97.0,97.3
306,125.9,97.2,97.3
307,126.0,97.2,97.3
308,126.1,97.4,97.4
309,126.3,97.4,97.5
310,110.7,97.2,97.4
311,97.8,97.3,97.3
312,97.8,97.4,97.2
313,97.9,97.5,97.3
314,98.4,97.4,97.2
315,98.6,97.4,97.2
316,98.5,97.3,97.1
317,98.4,97.4,97.2
318,98.4,97.5,97.3
319,98.2,97.4,97.4
320,98.2,97.4,97.4
321,98.2,97.6,97.3
322,98.1,97.4,97.2
323,98.0,97.4,97.1
324,97.8,97.5,97.3
325,97.9,97.4,97.4
326,97.9,97.4,97.3
327,97.9,97.3,97.3
328,97.8,97.2,97.2
329,97.8,97.3,97.2
330,97.6,97.5,97.2
331,97.6,97.3,97.3
332,97.6,97.3,97.2
333,97.7,97.3,97.1
334,97.6,97.2,97.0
335,97.6,97.1,97.0
336,97.4,97.3,97.2
337,97.4,97.2,97.1
338,97.4,97.2,97.2
339,97.5,97.1,97.3
340,97.4,97.0,97.2
341,97.3,97.0,97.2
342,97.2,97.1,97.4
343,97.2,97.3,97.3
344,97.2,97.2,97.3
345,97.2,97.1,97.2
346,97.4,97.1,97.3
347,97.5,97.2,97.3
348,97.4,97.3,97.3
349,97.5,97.3,97.3
350,97.4,97.3,97.3
351,97.3,97.2,97.2
352,97.5,97.2,97.1
353,97.5,97.2,97.1
354,97.5,97.3,97.2
355,97.4,97.3,97.3
356,97.3,97.3,97.3
357,97.3,97.1,97.1
358,97.5,97.1,97.1
359,97.3,97.2,97.1
360,97.3,97.2,97.3
361,97.2,97.2,97.3
362,97.1,97.2,97.3
363,97.1,97.1,97.1
364,97.3,97.0,97.2
365,97.2,97.0,97.2
366,97.2,97.2,97.3
367,97.1,97.1,97.3
368,97.0,97.1,97.3
369, ,97.0,97.2
370, ,97.0,97.2
371, ,97.0,97.2
372, ,97.1,97.3
373, ,97.1,97.2
374, ,97.0,97.3
375, ,97.0,97.3
376, ,97.0,97.2
377, ,97.0,97.2
378, ,97.2,97.2
379, ,97.3,97.3
380, ,97.2,97.2
381, ,97.2,97.1
382, ,97.2,97.1
383, ,97.3,97.2
384, ,97.5,97.4
385, ,97.4,97.4
386, ,97.3,97.2
387, ,97.3,97.2
388, ,97.3,97.2
389, ,97.2,97.1
390, ,97.4,97.1
391, ,97.3,97.1
392, ,97.2,97.1
393, ,97.3,97.1
394, ,97.2,97.1
395, ,97.1,97.0
396, ,97.3,97.0
397, ,97.3,97.6
398, ,97.2,97.6
399, ,97.1,97.6
400, ,97.1,97.6
401, ,96.9,97.4
402, ,97.2,97.5
403, ,97.3,97.5
404, ,97.1,97.5
405, ,97.1,97.5
406, ,97.3,97.5
407, ,97.3,97.4
408, ,97.4,97.4
409, ,97.3,97.4
410, ,97.2,97.5
411, ,97.2,97.5
412, ,97.1,97.6
413, ,97.3,97.4
414, ,97.4,97.4
415, ,97.3,97.3
416, ,97.3,97.4
417, ,97.2,97.3
418, ,97.3,97.2
419, ,97.4,97.1
420, ,97.5,97.1
421, ,97.4,97.0
422, ,97.3,97.1
423, ,97.2,97.3
424, ,97.1,97.2
425, ,97.2,97.2
426, ,97.2,97.2
427, ,97.2,97.1
428, ,97.2,97.1
429, ,97.2,97.1
430, ,97.1,97.0
431, ,97.0,97.0
432, ,97.3,97.0
433, ,97.2,96.9
434, ,97.2,97.0
435, ,97.2,97.2
436, ,97.1,97.1
437, ,97.2,97.1
438, ,97.6,97.1
439, ,97.4,97.0
440, ,97.4,97.2
441, ,97.3,97.2
442, ,97.2,97.2
443, ,97.2,97.5
444, ,97.4,97.4
445, ,97.3,97.3
446, ,97.3,97.4
447, ,97.3,97.4
448, ,97.4,97.3
449, ,97.4,97.2
450, ,97.5,97.1
451, ,97.4,97.1
452, ,97.4,97.2
453, ,97.5,97.1
454, ,97.5,97.1
455, ,97.4,97.1
456, ,97.5,96.9
457, ,97.5,96.9
458, ,97.5,97.0
459, ,97.4,96.9
460, ,97.3,97.0
461, ,97.3,97.0
462, ,97.4,96.9
463, ,97.4,97.0
464, ,97.4,97.1
465, ,97.3,97.1
466, ,97.2,97.0
467, ,97.2,97.1
468, ,97.3,96.9
469, ,97.3,97.0
470, ,97.3,97.1
471, ,97.2,97.1
472, ,97.2,97.0
473, ,97.1,97.0
474, ,97.3,96.9
475, ,97.2,96.9
476, ,97.1,97.1
477, ,97.1,97.0
478, ,97.1,97.0
479, ,97.0,97.2
480, ,97.2,97.1
481, ,97.2,97.1
482, ,97.2,97.2
483, ,97.4,97.2
484, ,97.4,97.2
485, ,97.3,97.1
486, ,97.5,97.1
487, ,97.5,97.0
488, ,97.5,97.0
489, ,97.5,97.3
490, ,97.4,97.5
491, ,97.2,97.5
492, ,97.4,97.4
493, ,97.4,97.5
494, ,97.3,97.5
495, ,97.2,97.6
496, ,97.2,97.6
497, ,97.1,97.6
498, ,97.3,97.6
499, ,97.3,97.6
500, ,97.2,97.7
501, ,97.2,97.9
502, ,97.1,97.8
503, ,97.1,97.7
504, ,97.3,97.8
505, ,97.3,97.7
506, ,97.4,97.8
507, ,97.4,97.9
508, ,97.3,97.8
509, ,97.4,97.7
510, ,97.4,97.7
511, ,97.3,97.7
512, ,97.3,97.8
513, ,97.3,98.0
514, ,97.2,98.2
515, ,97.4,98.1
516, ,97.4,98.0
517, ,97.5,98.0
518, ,97.7,97.9
519, ,97.6,97.8
520, ,97.4,97.7
521, ,97.7,97.7
522, ,97.7,97.6
523, ,97.7,97.5
524, ,97.8,97.7
525, ,97.9,97.8
526, ,97.8,97.6
527, ,97.9,97.6
528, ,97.9,97.7
529, ,97.8,97.6
530, ,97.7,97.6
531, ,97.7,97.7
532, ,97.6,97.6
533, ,97.8,97.6
534, ,97.7,97.7
535, ,97.8,97.7
536, ,97.8,97.9
537, ,97.7,98.0
538, ,97.6,97.7
539, ,97.8,97.7
540, ,97.7,97.8
541, ,97.6,97.7
542, ,97.5,97.8
543, ,97.5,97.9
544, ,97.3,97.8
545, ,97.6,97.8
546, ,97.5,97.8
547, ,97.4,97.6
548, ,97.5,97.8
549, ,97.3,98.0
550, ,97.4,98.0
551, ,97.6,97.9
552, ,97.5,97.8
553, ,97.6,97.6
554, ,97.6,97.7
555, ,97.5,97.6
556, ,97.4,97.5
557, ,97.6,97.5
558, ,97.7,97.3
559, ,97.7,97.6
560, ,97.6,97.6
561, ,97.5,97.6
562, ,97.4,97.5
563, ,97.6,97.4
564, ,97.5,97.3
565, ,97.5,97.2
566, ,97.8,97.3
567, ,97.6,97.2
568, ,97.7,97.2
569, ,97.9,97.1
570, ,97.7,97.0
571, ,97.7,97.0
572, ,97.7,97.1
573, ,97.5,97.1
574, ,97.5,97.1
575, ,97.7,97.1
576, ,97.6,97.0
577, ,97.6,97.0
578, ,97.5,97.0
579, ,97.4,97.0
580, ,97.3,96.9
581, ,97.4,96.9
582, ,97.4,96.8
583, ,97.4,96.9
584, ,97.2,97.0
585, ,97.2,97.0
586, ,97.2,97.0
587, ,97.3,97.0
588, ,97.4,96.9
589, ,97.3,96.9
590, ,97.2,96.9
591, ,97.2,97.1
592, ,97.3,97.2
593, ,97.4,97.1
594, ,97.3,97.1
595, ,97.3,97.0
596, ,97.2,97.1
597, ,97.2,97.2
598, ,97.2,97.1
599, ,97.2,96.9
600, ,97.2,96.9
601, ,97.2,96.9
602, ,97.1,96.9
603, ,102.7,96.9
604, ,125.7,97.0
605, ,125.9,96.9
606, ,125.9,96.9
607, ,125.9,96.9
608, ,125.9,96.9
609, ,125.9,97.0
610, ,109.9,97.0
611, ,102.3,96.9
612, ,101.7,96.9
613, ,96.3,96.9
614, ,96.4,96.9
615, ,96.5,97.1
616, ,96.7,97.0
617, ,96.9,96.9
618, ,97.0,96.9
619, ,96.9,97.1
620, ,97.0,97.2
621, ,97.0,97.2
622, ,97.0,97.2
623, ,97.2,97.1
624, ,97.3,97.2
625, ,97.2,97.0
626, ,97.1,97.2
627, ,97.2,97.3
628, ,97.3,97.2
629, ,97.5,97.3
630, ,97.5,97.3
631, ,97.3,97.2
632, ,97.3,97.3
633, ,97.2,97.4
634, ,97.1,97.3
635, ,97.4,97.3
636, ,97.3,97.3
637, ,97.3,97.2
638, ,97.3,97.2
639, ,97.2,97.2
640, ,97.1,97.1
641, ,97.2,97.2
642, ,97.4,97.2
643, ,97.3,97.1
644, ,97.3,97.2
645, ,97.2,97.3
646, ,97.2,97.2
647, ,97.4,97.2
648, ,97.4,97.2
649, ,97.4,97.1
650, ,97.4,97.2
651, ,97.3,97.3
652, ,97.3,97.2
653, ,97.5,97.1
654, ,97.4,97.2
655, ,97.4,97.2
656, ,97.4,97.3
657, ,97.3,97.4
658, ,97.3,97.2
659, ,97.6,97.1
660, ,97.4,97.0
661, ,97.7,97.1
662, ,97.7,97.2
663, ,97.5,97.1
664, ,97.5,97.2
665, ,97.7,97.3
666, ,97.6,97.2
667, ,97.6,97.2
668, ,97.6,97.2
669, , ,97.2
670, , ,97.2
671, , ,97.2
672, , ,97.0
673, , ,97.0
674, , ,97.0
675, , ,97.0
676, , ,97.0
677, , ,97.0
678, , ,96.9
679, , ,97.0
680, , ,97.1
681, , ,97.1
682, , ,97.1
683, , ,97.1
684, , ,97.0
685, , ,97.1
686, , ,97.2
687, , ,97.2
688, , ,97.1
689, , ,97.2
690, , ,97.2
691, , ,97.2
692, , ,97.3
693, , ,97.3
694, , ,97.2
695, , ,97.2
696, , ,97.1
697, , ,97.1
698, , ,97.1
699, , ,97.2
700, , ,97.2
701, , ,97.1
702, , ,97.1
703, , ,97.1
704, , ,97.1
705, , ,97.4
706, , ,97.4
707, , ,97.3
708, , ,97.2
709, , ,97.2
710, , ,97.2
711, , ,97.2
712, , ,97.1
713, , ,97.0
714, , ,97.0
715, , ,97.2
716, , ,97.2
717, , ,97.2
718, , ,97.1
719, , ,97.0
720, , ,97.0
721, , ,97.1
722, , ,97.1
723, , ,97.1
724, , ,97.3
725, , ,97.2
726, , ,97.2
727, , ,97.3
728, , ,97.3
729, , ,97.3
730, , ,97.1
731, , ,97.1
732, , ,97.0
733, , ,97.0
734, , ,97.3
735, , ,97.3
736, , ,97.2
737, , ,97.2
738, , ,97.1
739, , ,97.2
740, , ,97.2
741, , ,97.2
742, , ,97.1
743, , ,97.1
744, , ,97.0
745, , ,97.1
746, , ,97.2
747, , ,97.2
748, , ,97.1
749, , ,97.0
750, , ,97.1
751, , ,97.1
752, , ,97.2
753, , ,97.3
754, , ,97.1
755, , ,97.1
756, , ,97.1
757, , ,97.1
758, , ,97.3
759, , ,97.3
760, , ,97.3
761, , ,97.3
762, , ,97.2
763, , ,97.2
764, , ,97.2
765, , ,97.1
766, , ,97.1
767, , ,97.1
768, , ,97.0
769, , ,97.1
770, , ,97.2
771, , ,97.1
772, , ,97.1
773, , ,97.1
774, , ,97.0
775, , ,97.2
776, , ,97.3
777, , ,97.1
778, , ,97.1
779, , ,97.0
780, , ,97.0
781, , ,97.3
782, , ,97.3
783, , ,97.1
784, , ,97.2
785, , ,97.2
786, , ,97.1
787, , ,97.2
788, , ,97.3
789, , ,97.2
790, , ,97.3
791, , ,97.3
792, , ,97.3
793, , ,97.4
794, , ,97.4
795, , ,97.4
796, , ,97.4
797, , ,97.3
798, , ,97.3
799, , ,97.5
800, , ,97.6
801, , ,97.6
802, , ,97.6
803, , ,97.5
804, , ,97.6
805, , ,97.8
806, , ,97.9
807, , ,97.8
808, , ,97.8
809, , ,97.7
810, , ,97.7
811, , ,97.8
812, , ,97.8
813, , ,97.8
814, , ,97.8
815, , ,97.7
816, , ,97.8
817, , ,98.0
818, , ,98.1
819, , ,98.0
820, , ,98.0
821, , ,97.9
822, , ,97.9
823, , ,97.9
824, , ,98.1
825, , ,98.1
826, , ,98.0
827, , ,97.9
828, , ,97.9
829, , ,97.9
830, , ,98.0
831, , ,98.1
832, , ,97.9
833, , ,98.0
834, , ,97.9
835, , ,98.0
836, , ,98.2
837, , ,98.1
838, , ,98.0
839, , ,98.0
840, , ,97.9
841, , ,97.9
842, , ,98.1
843, , ,98.1
844, , ,97.9
845, , ,97.9
846, , ,97.9
847, , ,97.9
848, , ,98.0
849, , ,98.0
850, , ,97.9
851, , ,97.9
852, , ,97.9
853, , ,98.0
854, , ,97.9
855, , ,97.8
856, , ,97.6
857, , ,97.6
858, , ,97.5
859, , ,97.5
860, , ,97.5
861, , ,97.4
862, , ,97.3
863, , ,97.2
864, , ,97.2
865, , ,97.5
866, , ,97.5
867, , ,97.3
868, , ,97.3
869, , ,102.7
870, , ,96.8
871, , ,97.0
872, , ,97.1
873, , ,97.0
874, , ,97.1
875, , ,97.2
876, , ,97.0
877, , ,97.1
878, , ,97.2
879, , ,97.1
880, , ,97.1
881, , ,97.1
882, , ,97.0
883, , ,97.2
884, , ,97.2
885, , ,97.1
886, , ,97.2
887, , ,97.1
888, , ,97.1
889, , ,97.3
890, , ,97.3
891, , ,97.2
892, , ,97.2
893, , ,97.2
894, , ,97.1
895, , ,97.4
896, , ,97.2
897, , ,97.1
898, , ,97.1
899, , ,97.1
900, , ,97.3
901, , ,97.5
902, , ,97.3
903, , ,97.7
904, , ,125.3
905, , ,125.3
906, , ,125.5
907, , ,126.0
908, , ,126.1
909, , ,126.4
910, , ,115.8
911, , ,96.6
912, , ,96.7
913, , ,96.9
914, , ,97.0
915, , ,97.0
916, , ,97.1
917, , ,97.2
918, , ,97.2
919, , ,97.4
920, , ,97.3
921, , ,97.3
922, , ,97.3
923, , ,97.2
924, , ,97.2
925, , ,97.2
926, , ,97.1
927, , ,97.3
928, , ,97.3
929, , ,97.2
930, , ,97.1
931, , ,97.3
932, , ,97.3
933, , ,97.3
934, , ,97.2
935, , ,97.3
936, , ,97.2
937, , ,97.3
938, , ,97.3
939, , ,97.4
940, , ,97.2
941, , ,97.2
942, , ,97.2
943, , ,97.2
944, , ,97.2
945, , ,97.2
946, , ,97.1
947, , ,97.1
948, , ,97.1
949, , ,97.2
950, , ,97.3
951, , ,97.3
952, , ,97.1
953, , ,97.0
954, , ,97.1
955, , ,97.1
956, , ,97.0
957, , ,97.1
958, , ,97.0
959, , ,97.0
960, , ,97.1
961, , ,97.2
962, , ,97.2
963, , ,97.2
964, , ,97.1
965, , ,97.2
966, , ,97.3
967, , ,97.3
968, , ,97.3
