time,w1,w2,w3
1,93.3,94.0,99.6
2,100.5,100.0,100.0
3,100.7,100.2,100.0
4,100.5,100.0,94.9
5,94.5,94.1,94.8
6,94.2,94.0,94.7
7,94.0,94.1,94.7
8,93.9,94.0,94.6
9,94.1,93.9,94.6
10,94.1,93.9,94.4
11,94.1,93.8,94.4
12,94.1,93.8,94.5
13,94.1,94.0,94.4
14,94.2,93.9,94.4
15,94.3,93.8,94.3
16,94.2,93.8,94.2
17,94.2,93.7,94.3
18,94.1,93.7,94.4
19,94.1,93.9,94.3
20,94.3,93.8,94.3
21,94.1,93.7,94.2
22,94.1,93.7,94.2
23,94.1,93.6,94.1
24,94.0,93.5,94.1
25,94.0,93.7,94.2
26,94.2,93.6,94.2
27,94.2,93.7,94.2
28,94.2,93.7,94.2
29,94.1,93.6,94.1
30,94.1,93.6,94.3
31,94.0,93.7,94.3
32,94.2,93.7,94.3
33,94.1,93.7,94.3
34,94.1,93.6,94.3
35,94.2,93.6,94.3
36,94.2,93.7,94.4
37,94.1,93.9,94.4
38,94.2,94.0,94.4
39,94.3,94.0,94.4
40,94.2,93.9,94.4
41,94.2,94.0,94.2
42,94.3,94.0,94.4
43,94.3,94.1,94.4
44,94.2,94.0,94.4
45,94.2,93.9,94.4
46,94.2,93.9,94.3
47,94.1,93.8,94.2
48,94.0,93.7,94.4
49,94.1,93.8,94.4
50,94.2,93.8,94.5
51,94.1,93.7,94.4
52,94.1,93.7,94.4
53,94.2,93.7,94.3
54,94.2,93.8,94.4
55,94.3,93.9,94.4
56,94.2,93.9,94.3
57,94.2,93.8,94.3
58,94.1,93.7,94.2
59,94.0,93.7,94.1
60,94.0,93.6,94.3
61,94.1,93.8,94.2
62,94.1,93.8,94.1
63,94.1,93.6,94.2
64,94.1,93.6,94.1
65,94.0,93.6,94.1
66,94.0,93.6,94.2
67,94.2,93.8,94.2
68,94.2,93.7,94.2
69,94.1,93.6,94.1
70,94.0,93.6,94.1
71,93.9,93.6,94.1
72,93.8,93.5,94.3
73,93.9,93.7,94.3
74,93.8,93.7,94.2
75,93.8,93.6,94.2
76,93.9,93.7,94.1
77,93.7,93.6,94.1
78,93.7,93.6,94.3
79,93.6,93.9,94.2
80,93.6,93.8,94.2
81,93.8,93.7,94.2
82,93.6,93.7,94.1
83,93.6,93.7,94.0
84,93.6,93.6,94.1
85,93.7,93.9,94.2
86,93.8,93.8,94.2
87,93.7,93.7,94.1
88,93.6,93.7,94.1
89,93.5,93.6,94.2
90,93.7,93.8,94.3
91,93.7,93.8,94.3
92,93.6,93.7,94.2
93,93.5,93.7,94.2
94,93.5,93.7,94.2
95,93.5,93.5,94.2
96,93.6,93.8,94.3
97,93.6,93.7,94.3
98,93.5,93.6,94.4
99,93.4,93.6,94.3
100,93.5,93.6,94.3
101,93.6,93.5,94.3
102,93.7,93.8,94.2
103,93.7,93.7,94.2
104,93.6,93.6,94.1
105,93.6,93.6,94.1
106,93.7,93.5,94.0
107,93.6,93.5,94.1
108,93.8,93.7,94.2
109,93.7,93.6,94.3
110,93.7,93.6,94.2
111,93.7,93.6,94.2
112,93.6,93.6,94.2
113,93.5,93.6,94.1
114,93.6,93.8,94.3
115,93.7,93.7,94.3
116,93.7,93.6,94.2
117,93.6,93.7,94.2
118,93.6,93.7,94.2
119,93.5,93.6,94.1
120,93.6,93.8,94.2
121,93.8,93.7,94.2
122,93.6,93.7,94.2
123,93.7,93.7,94.2
124,93.6,93.6,94.1
125,93.6,93.6,94.1
126,93.7,93.8,94.3
127,93.6,93.8,94.3
128,93.6,93.8,94.3
129,93.5,93.7,94.3
130,93.5,93.8,94.4
131,93.5,93.8,94.2
132,93.7,93.8,94.4
133,93.7,93.8,94.4
134,93.6,93.7,94.3
135,93.6,93.6,94.2
136,93.5,93.6,94.2
137,93.4,93.6,94.2
138,93.6,93.8,94.3
139,93.5,93.7,94.4
140,93.5,93.7,94.6
141,93.5,93.6,94.6
142,93.4,93.6,94.5
143,93.4,93.6,94.4
144,93.6,93.8,94.6
145,93.5,93.7,94.5
146,93.4,93.8,94.5
147,93.4,93.8,94.5
148,93.3,93.7,94.5
149,93.3,93.7,94.4
150,93.5,93.9,94.5
151,93.4,93.8,94.6
152,93.4,93.7,94.5
153,93.3,93.7,94.5
154,93.2,93.6,94.4
155,93.2,93.5,94.4
156,93.4,93.7,94.6
157,93.3,93.7,94.5
158,93.3,93.6,94.4
159,93.7,93.7,94.4
160,94.2,93.7,94.4
161,94.3,93.6,94.4
162,94.2,93.8,94.4
163,94.1,93.7,94.4
164,94.0,93.7,94.3
165,93.9,93.7,94.3
166,93.9,93.6,94.3
167,93.9,93.5,94.3
168,94.0,93.7,94.4
169,93.9,93.8,94.4
170,93.8,93.7,94.4
171,93.6,93.7,94.4
172,93.6,93.7,94.3
173,93.5,93.6,94.3
174,93.6,93.8,94.4
175,93.6,93.7,94.5
176,93.6,93.8,94.5
177,93.6,93.8,94.4
178,93.5,93.7,94.6
179,93.5,93.7,94.6
180,93.6,93.8,94.7
181,93.5,93.7,94.7
182,93.5,93.7,94.6
183,93.4,93.7,94.5
184,93.4,93.6,94.5
185,93.3,93.7,94.4
186,93.5,93.9,94.5
187,93.4,93.8,94.5
188,93.3,93.8,94.4
189,93.3,93.7,94.4
190,93.3,93.6,94.3
191,93.2,93.6,94.3
192,93.4,93.8,94.4
193,93.4,93.7,94.4
194,93.3,93.6,94.4
195,93.2,93.6,94.3
196,93.3,93.5,94.3
197,93.3,93.5,94.3
198,93.4,93.7,94.4
199,93.5,93.6,94.4
200,93.5,93.6,94.4
201,93.5,93.6,94.3
202,93.4,93.5,94.3
203,93.3,93.5,94.3
204,93.5,93.7,94.5
205,93.5,93.7,94.4
206,93.4,93.6,94.3
207,93.4,93.5,94.3
208,93.3,93.5,94.2
209,93.2,93.4,94.1
210,93.4,93.6,94.2
211,93.4,93.7,94.2
212,93.3,93.8,94.2
213,93.3,93.7,94.3
214,93.2,93.7,94.2
215,93.2,93.9,94.1
216,93.4,94.0,94.3
217,93.3,93.9,94.2
218,93.2,94.0,94.2
219,93.2,93.9,94.1
220,93.2,93.9,94.1
221,93.3,93.9,94.0
222,93.5,93.8,94.1
223,93.4,93.7,94.1
224,93.3,93.7,94.1
225,93.3,93.6,94.1
226,93.3,93.6,94.0
227,93.5,93.7,93.9
228,93.4,93.8,94.1
229,93.3,93.7,94.2
230,93.3,93.6,94.1
231,93.4,93.6,94.0
232,93.5,93.6,93.9
233,93.5,93.6,93.9
234,93.6,93.8,94.1
235,93.5,93.7,94.1
236,93.4,93.5,94.1
237,93.4,93.5,94.0
238,93.4,93.5,94.2
239,93.6,93.5,94.2
240,93.5,93.6,94.3
241,93.4,93.7,94.3
242,93.4,93.7,94.2
243,93.3,93.7,94.2
244,93.4,93.8,94.3
245,93.6,93.8,94.3
246,93.4,94.1,94.2
247,93.4,94.2,94.3
248,93.4,94.1,94.3
249,93.3,94.0,94.2
250,93.2,94.0,94.1
251,93.4,94.0,94.0
252,93.4,94.2,94.1
253,93.3,94.1,94.2
254,93.3,94.1,94.2
255,93.2,94.0,94.1
256,93.2,94.0,94.1
257,93.4,94.1,94.1
258,93.3,94.2,94.1
259,93.3,94.3,94.2
260,93.3,94.3,94.1
261,93.2,94.4,94.1
262,93.2,94.7,94.0
263,93.3,94.7,94.1
264,93.3,94.7,94.2
265,93.3,94.7,94.2
266,93.4,94.7,94.0
267,93.5,94.6,94.1
268,93.4,94.5,94.2
269,93.4,94.5,94.3
270,93.6,94.5,94.3
271,93.5,94.4,94.3
272,93.4,94.4,94.2
273,93.4,94.3,94.3
274,93.3,94.2,94.2
275,93.3,94.2,94.3
276,93.4,94.2,94.3
277,93.4,94.1,94.3
278,93.3,94.1,94.2
279,93.2,93.9,94.2
280,93.2,94.0,94.2
281,93.4,94.0,94.2
282,93.4,94.1,94.3
283,93.4,94.1,94.4
284,93.3,94.0,94.3
285,93.3,94.0,94.2
286,93.3,94.0,94.1
287,93.4,94.1,94.1
288,93.4,94.1,94.3
289,93.3,94.1,94.2
290,93.3,94.1,94.2
291,93.3,94.1,94.2
292,93.2,94.2,94.1
293,93.4,94.3,94.3
294,93.3,94.4,94.3
295,93.3,94.3,94.3
296,93.5,94.3,94.4
297,93.4,94.2,94.3
298,93.3,94.2,94.2
299,93.5,94.2,94.4
300,93.5,94.2,94.4
301,93.4,94.2,94.3
302,93.3,94.1,94.2
303,93.4,93.9,94.2
304,99.0,93.8,94.1
305,107.0,93.8,94.3
306,106.8,93.9,94.2
307,106.6,93.9,94.2
308,106.4,93.7,94.4
309,106.3,93.7,94.3
310,106.2,93.6,94.2
311,106.5,93.6,94.3
312,106.4,93.8,94.3
313,106.1,93.7,94.3
314,94.9,93.6,94.4
315,94.8,93.6,94.3
316,94.7,93.6,94.3
317,94.7,93.6,94.4
318,94.7,93.7,94.4
319,94.6,93.6,94.3
320,94.5,93.6,94.3
321,94.3,93.5,94.4
322,94.3,93.5,94.3
323,94.4,93.5,94.5
324,94.3,93.6,94.4
325,94.3,93.6,94.3
326,94.2,93.5,94.3
327,94.1,93.5,94.2
328,94.1,93.4,94.2
329,94.3,93.5,94.3
330,94.2,93.6,94.3
331,94.2,93.5,94.3
332,94.3,93.5,94.2
333,94.2,93.5,94.2
334,94.1,93.4,94.1
335,94.2,93.5,94.2
336,94.2,93.6,94.2
337,94.1,93.5,94.2
338,94.0,93.5,94.1
339,94.1,93.4,94.1
340,94.0,93.5,94.0
341,94.3,93.5,94.2
342,94.3,93.6,94.2
343,94.2,93.5,94.3
344,94.1,93.5,94.2
345,94.1,93.5,94.2
346,94.1,93.4,94.2
347,94.3,93.5,94.1
348,94.3,93.6,94.1
349,94.2,93.5,94.1
350,94.1,93.5,94.0
351,94.1,93.6,94.0
352,94.1,93.7,94.0
353,94.2,93.7,94.1
354,94.2,93.8,94.2
355,94.2,93.7,94.2
356,94.1,93.7,94.1
357,94.0,93.6,94.0
358,94.0,93.6,94.0
359,94.0,93.6,94.1
360,94.2,93.6,94.2
361,94.1,93.6,94.1
362,94.1,93.6,94.1
363,94.0,93.5,94.1
364,93.8,93.4,94.0
365,94.1,93.5,94.2
366,94.1,93.5,94.2
367,94.2,93.5,94.1
368,94.1,93.5,94.1
369,94.1,93.4,94.1
370,94.0,93.4,94.0
371,94.2,93.5,94.2
372, ,93.5,94.3
373, ,93.5,94.4
374, ,93.5,94.4
375, ,93.4,94.4
376, ,93.4,94.3
377, ,93.5,94.5
378, ,93.5,94.5
379, ,93.5,94.4
380, ,93.5,94.4
381, ,93.5,94.4
382, ,93.4,94.3
383, ,93.4,94.5
384, ,93.5,94.4
385, ,93.5,94.3
386, ,93.6,94.3
387, ,93.6,94.3
388, ,93.5,94.5
389, ,93.6,94.5
390, ,93.6,94.3
391, ,93.6,94.3
392, ,93.5,94.3
393, ,93.5,94.2
394, ,93.4,94.2
395, ,93.5,94.2
396, ,93.6,94.2
397, ,93.5,94.3
398, ,93.5,94.3
399, ,93.4,94.1
400, ,93.5,94.3
401, ,93.4,94.4
402, ,93.4,94.3
403, ,93.4,94.2
404, ,93.4,94.2
405, ,93.4,94.1
406, ,93.3,94.4
407, ,93.4,94.4
408, ,93.6,94.3
409, ,93.4,94.2
410, ,93.4,94.2
411, ,93.4,94.1
412, ,93.3,94.2
413, ,93.4,94.3
414, ,93.5,94.2
415, ,93.4,94.2
416, ,93.5,94.2
417, ,93.5,94.1
418, ,93.5,94.3
419, ,93.6,94.2
420, ,93.7,94.2
421, ,93.6,94.3
422, ,93.5,94.2
423, ,93.5,94.2
424, ,93.4,94.4
425, ,93.6,94.3
426, ,93.6,94.3
427, ,93.5,94.2
428, ,93.4,94.1
429, ,93.4,94.1
430, ,93.3,94.3
431, ,93.5,94.2
432, ,93.4,94.2
433, ,93.4,94.1
434, ,93.3,94.1
435, ,93.3,94.3
436, ,93.3,94.3
437, ,93.5,94.3
438, ,93.4,94.3
439, ,93.3,94.2
440, ,93.3,94.2
441, ,93.3,94.5
442, ,93.3,94.7
443, ,93.6,94.7
444, ,93.5,94.6
445, ,93.5,94.5
446, ,93.4,94.7
447, ,93.4,94.7
448, ,93.4,94.7
449, ,93.5,94.7
450, ,93.5,94.7
451, ,93.5,94.8
452, ,93.5,94.7
453, ,93.4,94.7
454, ,93.5,94.5
455, ,93.5,94.5
456, ,93.5,94.4
457, ,93.4,94.6
458, ,93.4,94.7
459, ,93.4,94.6
460, ,93.6,94.5
461, ,93.6,94.5
462, ,93.5,94.4
463, ,93.4,94.4
464, ,93.4,94.5
465, ,93.5,94.4
466, ,93.5,94.4
467, ,93.4,94.4
468, ,93.4,94.2
469, ,93.3,94.4
470, ,93.3,94.5
471, ,93.4,94.4
472, ,93.4,94.4
473, ,93.3,94.3
474, ,93.3,94.2
475, ,93.3,94.4
476, ,93.3,94.4
477, ,93.5,94.5
478, ,93.4,94.6
479, ,93.3,94.5
480, ,93.3,94.4
481, ,93.3,94.7
482, ,93.4,94.7
483, ,93.5,94.7
484, ,93.4,94.6
485, ,93.4,94.5
486, ,93.4,94.5
487, ,93.4,94.5
488, ,93.4,94.4
489, ,93.6,94.3
490, ,93.5,94.3
491, ,93.5,94.3
492, ,93.5,94.3
493, ,93.4,94.5
494, ,93.3,94.5
495, ,93.6,94.4
496, ,93.6,94.4
497, ,93.6,94.3
498, ,93.6,94.3
499, ,93.5,94.5
500, ,93.5,94.5
501, ,93.6,94.5
502, ,93.6,94.4
503, ,93.5,94.4
504, ,93.4,94.3
505, ,93.4,94.5
506, ,93.4,94.3
507, ,93.5,94.3
508, ,93.4,94.8
509, ,93.5,94.7
510, ,93.4,94.6
511, ,93.4,94.7
512, ,93.4,94.6
513, ,93.5,94.5
514, ,93.5,94.4
515, ,93.4,94.4
516, ,93.5,94.4
517, ,93.6,94.3
518, ,93.5,94.5
519, ,93.5,94.4
520, ,93.6,94.3
521, ,93.5,94.3
522, ,93.4,94.3
523, ,93.5,94.2
524, ,93.5,94.3
525, ,93.6,94.5
526, ,93.5,94.3
527, ,93.4,94.2
528, ,93.3,94.2
529, ,93.3,94.3
530, ,93.3,94.3
531, ,93.5,94.2
532, ,93.4,94.2
533, ,93.4,94.1
534, ,93.3,94.1
535, ,93.4,94.3
536, ,93.3,94.3
537, ,93.5,94.2
538, ,93.4,94.1
539, ,93.3,94.1
540, ,93.3,94.0
541, ,93.3,94.3
542, ,93.3,94.2
543, ,93.6,94.1
544, ,93.7,94.1
545, ,93.6,94.1
546, ,93.6,94.0
547, ,93.6,94.0
548, ,93.7,94.0
549, ,93.9,93.9
550, ,93.8,93.9
551, ,93.9,93.9
552, ,94.0,93.9
553, ,93.9,94.1
554, ,93.9,94.1
555, ,94.1,94.1
556, ,94.0,94.1
557, ,94.0,94.0
558, ,94.0,94.0
559, ,93.9,94.0
560, ,94.0,94.2
561, ,94.1,94.2
562, ,94.1,94.3
563, ,94.0,94.2
564, ,94.1,94.2
565, ,94.1,94.3
566, ,94.2,94.3
567, ,94.3,94.4
568, ,94.1,94.4
569, ,94.1,94.3
570, ,94.1,94.3
571, ,94.0,94.5
572, ,94.0,94.5
573, ,94.1,94.5
574, ,94.0,94.4
575, ,94.1,94.3
576, ,94.2,94.5
577, ,94.0,94.5
578, ,94.0,94.5
579, ,94.1,94.5
580, ,94.0,94.4
581, ,94.0,94.3
582, ,93.9,94.5
583, ,93.8,94.5
584, ,93.8,94.4
585, ,93.9,94.3
586, ,94.1,94.2
587, ,94.1,94.3
588, ,94.0,94.5
589, ,94.0,94.5
590, ,94.0,94.3
591, ,94.1,94.3
592, ,94.0,94.3
593, ,94.0,94.3
594, ,93.9,94.5
595, ,93.9,94.4
596, ,93.9,94.3
597, ,94.0,94.4
598, ,94.0,94.4
599, ,94.0,94.4
600, ,93.8,94.5
601, ,93.8,94.4
602, ,93.8,94.5
603, ,93.8,94.5
604, ,102.3,94.4
605, ,102.6,94.4
606, ,103.0,94.5
607, ,103.5,94.5
608, ,103.7,94.6
609, ,103.9,94.5
610, ,104.1,94.4
611, ,104.3,94.3
612, ,104.5,94.5
613, ,104.0,94.5
614, ,92.9,94.4
615, ,92.9,94.3
616, ,92.9,94.3
617, ,93.0,94.4
618, ,93.1,94.5
619, ,93.3,94.4
620, ,93.4,94.4
621, ,93.3,94.2
622, ,93.4,94.3
623, ,93.3,94.3
624, ,93.4,94.3
625, ,93.6,94.4
626, ,93.5,94.4
627, ,93.5,94.4
628, ,93.4,94.5
629, ,93.4,94.4
630, ,93.4,94.5
631, ,93.6,94.5
632, ,93.5,94.5
633, ,93.5,94.5
634, ,93.4,94.4
635, ,93.3,94.6
636, ,93.4,94.5
637, ,93.5,94.5
638, ,93.5,94.5
639, ,93.4,94.4
640, ,93.3,94.6
641, ,93.3,94.5
642, ,93.4,94.5
643, ,93.5,94.6
644, ,93.4,94.5
645, ,93.4,94.4
646, ,93.3,94.6
647, ,93.3,94.5
648, ,93.3,94.6
649, ,93.4,94.6
650, ,93.5,94.4
651, ,93.5,94.4
652, ,93.4,94.6
653, ,93.4,94.6
654, ,93.3,94.5
655, ,93.5,94.5
656, ,93.7,94.4
657, ,93.6,94.4
658, ,93.6,94.6
659, ,93.5,94.5
660, ,93.5,94.4
661, ,93.6,94.3
662, ,93.6,94.2
663, ,93.5,94.5
664, ,93.5,94.4
665, ,93.6,94.3
666, ,93.5,94.2
667, ,93.7,94.2
668, ,93.6,94.4
669, ,93.5,94.4
670, ,93.4,94.2
671, , ,94.2
672, , ,94.2
673, , ,94.3
674, , ,94.4
675, , ,94.4
676, , ,94.3
677, , ,94.3
678, , ,94.5
679, , ,94.3
680, , ,94.5
681, , ,94.5
682, , ,94.4
683, , ,94.6
684, , ,94.5
685, , ,94.3
686, , ,94.5
687, , ,94.5
688, , ,94.6
689, , ,94.5
690, , ,94.4
691, , ,94.4
692, , ,94.4
693, , ,94.3
694, , ,94.3
695, , ,94.2
696, , ,94.4
697, , ,94.8
698, , ,95.2
699, , ,95.5
700, , ,95.9
701, , ,96.2
702, , ,96.5
703, , ,96.8
704, , ,97.0
705, , ,97.3
706, , ,102.5
707, , ,102.4
708, , ,102.3
709, , ,102.4
710, , ,102.6
711, , ,102.5
712, , ,102.4
713, , ,95.1
714, , ,95.0
715, , ,95.1
716, , ,95.1
717, , ,95.0
718, , ,95.1
719, , ,95.0
720, , ,94.9
721, , ,95.0
722, , ,94.9
723, , ,94.8
724, , ,94.7
725, , ,94.6
726, , ,94.5
727, , ,94.7
728, , ,94.6
729, , ,94.5
730, , ,94.5
731, , ,94.4
732, , ,94.4
733, , ,94.4
734, , ,94.3
735, , ,94.2
736, , ,94.2
737, , ,94.1
738, , ,94.2
739, , ,94.3
740, , ,94.3
741, , ,94.3
742, , ,94.2
743, , ,94.4
744, , ,94.3
745, , ,94.5
746, , ,94.4
747, , ,94.4
748, , ,94.4
749, , ,94.6
750, , ,94.5
751, , ,94.4
752, , ,94.6
753, , ,94.5
754, , ,94.5
755, , ,94.4
756, , ,94.4
757, , ,94.5
758, , ,94.5
759, , ,94.4
760, , ,94.4
761, , ,94.4
762, , ,94.3
763, , ,94.5
764, , ,94.5
765, , ,94.4
766, , ,94.4
767, , ,94.4
768, , ,94.4
769, , ,94.4
770, , ,94.3
771, , ,94.3
772, , ,94.3
773, , ,94.4
774, , ,94.6
775, , ,94.5
776, , ,94.5
777, , ,94.4
778, , ,94.5
779, , ,94.5
780, , ,94.7
781, , ,94.6
782, , ,94.6
783, , ,94.6
784, , ,94.6
785, , ,94.5
786, , ,94.7
787, , ,94.7
788, , ,94.7
789, , ,94.8
790, , ,94.7
791, , ,94.7
792, , ,94.8
793, , ,94.9
794, , ,94.9
795, , ,94.8
796, , ,94.7
797, , ,94.7
798, , ,94.8
799, , ,94.9
800, , ,94.7
801, , ,94.7
802, , ,94.6
803, , ,94.5
804, , ,94.7
805, , ,94.6
806, , ,94.7
807, , ,94.6
808, , ,94.5
809, , ,94.4
810, , ,94.6
811, , ,94.5
812, , ,94.6
813, , ,94.6
814, , ,94.4
815, , ,94.4
816, , ,94.5
817, , ,94.4
818, , ,94.4
819, , ,94.3
820, , ,94.2
821, , ,94.2
822, , ,94.3
823, , ,94.3
824, , ,94.2
825, , ,94.2
826, , ,94.2
827, , ,94.2
828, , ,94.2
829, , ,94.3
830, , ,94.2
831, , ,94.2
832, , ,94.2
833, , ,94.1
834, , ,94.2
835, , ,94.3
836, , ,94.4
837, , ,94.4
838, , ,94.3
839, , ,94.3
840, , ,94.4
841, , ,94.3
842, , ,94.2
843, , ,94.2
844, , ,94.1
845, , ,94.1
846, , ,94.3
847, , ,94.3
848, , ,94.2
849, , ,94.1
850, , ,94.1
851, , ,94.1
852, , ,94.3
853, , ,94.3
854, , ,94.3
855, , ,94.2
856, , ,94.2
857, , ,94.2
858, , ,94.2
859, , ,94.2
860, , ,94.1
861, , ,94.1
862, , ,94.0
863, , ,94.0
864, , ,94.2
865, , ,94.3
866, , ,94.2
867, , ,94.2
868, , ,94.2
869, , ,94.1
870, , ,94.3
871, , ,94.3
872, , ,94.2
873, , ,94.2
874, , ,94.2
875, , ,94.1
876, , ,94.3
877, , ,94.3
878, , ,94.2
879, , ,94.2
880, , ,94.1
881, , ,94.2
882, , ,94.3
883, , ,94.2
884, , ,94.1
885, , ,94.2
886, , ,94.1
887, , ,94.2
888, , ,94.2
889, , ,94.1
890, , ,94.1
891, , ,94.1
892, , ,94.1
893, , ,94.1
894, , ,94.1
895, , ,94.0
896, , ,94.1
897, , ,94.1
898, , ,94.0
899, , ,94.3
900, , ,94.4
901, , ,94.3
902, , ,94.3
903, , ,94.9
904, , ,106.2
905, , ,106.3
906, , ,106.4
907, , ,106.4
908, , ,106.4
909, , ,106.4
910, , ,106.5
911, , ,106.7
912, , ,106.2
913, , ,94.3
914, , ,94.2
915, , ,94.2
916, , ,94.2
917, , ,94.3
918, , ,94.4
919, , ,94.4
920, , ,94.3
921, , ,94.3
922, , ,94.3
923, , ,94.3
924, , ,94.1
925, , ,94.2
926, , ,94.2
927, , ,94.1
928, , ,94.2
929, , ,94.5
930, , ,94.4
931, , ,94.3
932, , ,94.2
933, , ,94.3
934, , ,94.5
935, , ,94.5
936, , ,94.5
937, , ,94.4
938, , ,94.3
939, , ,94.3
940, , ,94.2
941, , ,94.4
942, , ,94.3
943, , ,94.3
944, , ,94.2
945, , ,94.1
946, , ,94.1
947, , ,94.2
948, , ,94.3
949, , ,94.5
950, , ,94.3
951, , ,94.3
952, , ,94.2
953, , ,94.4
954, , ,94.4
955, , ,94.3
956, , ,94.2
957, , ,94.2
958, , ,94.2
959, , ,94.4
960, , ,94.3
961, , ,94.2
962, , ,94.2
963, , ,94.3
964, , ,94.3
965, , ,94.3
966, , ,94.4
967, , ,94.3
968, , ,94.4
969, , ,94.4
970, , ,94.3
