time,w1,w2,w3
1,111.1,96.3,96.0
2,98.2,116.9,116.9
3,98.1,116.8,116.8
4,97.8,116.6,116.9
5,97.7,116.5,117.0
6,97.5,116.6,117.1
7,97.4,116.6,117.1
8,97.3,99.4,117.1
9,97.2,98.9,117.1
10,97.0,98.6,117.1
11,96.9,98.2,117.0
12,96.9,97.9,117.0
13,96.7,97.8,117.2
14,96.7,97.5,106.8
15,96.7,97.2,106.2
16,96.5,97.1,99.8
17,96.5,96.9,99.7
18,96.6,96.8,99.2
19,96.6,96.8,99.1
20,96.5,96.7,98.8
21,96.5,96.5,98.5
22,96.4,96.4,98.2
23,96.4,96.4,98.0
24,96.4,96.4,97.6
25,96.4,96.5,97.4
26,96.4,96.4,97.3
27,96.3,96.2,97.3
28,96.2,96.2,97.2
29,96.2,96.1,97.0
30,96.3,96.2,97.0
31,96.4,96.2,96.8
32,96.3,96.3,96.6
33,96.2,96.2,96.5
34,96.2,96.2,96.6
35,96.3,96.1,96.7
36,96.3,96.2,96.6
37,96.2,96.2,96.5
38,96.2,96.1,96.4
39,96.1,96.0,96.4
40,96.2,96.0,96.5
41,96.2,95.9,96.4
42,96.2,96.1,96.4
43,96.2,96.1,96.4
44,96.2,96.0,96.3
45,96.1,96.0,96.4
46,96.1,96.0,96.5
47,96.0,95.8,96.4
48,96.0,96.0,96.3
49,96.0,96.1,96.4
50,96.1,95.9,96.2
51,96.0,95.9,96.3
52,96.0,95.9,96.4
53,96.1,95.8,96.2
54,96.0,96.0,96.3
55,96.1,96.0,96.3
56,96.1,95.9,96.3
57,96.1,96.0,96.3
58,96.1,96.0,96.2
59,96.1,95.9,96.2
60,96.2,96.0,96.2
61,96.2,96.0,96.1
62,96.2,96.0,96.1
63,96.1,95.9,96.1
64,96.2,95.9,96.1
65,96.2,95.8,96.2
66,96.3,95.9,96.1
67,96.3,96.3,96.0
68,96.1,96.3,96.0
69,96.1,96.3,96.2
70,96.2,96.2,96.2
71,96.3,96.3,96.2
72,96.4,96.4,96.3
73,96.3,96.4,96.1
74,96.2,96.4,96.1
75,96.2,96.4,96.2
76,96.4,96.4,96.2
77,96.3,96.4,96.3
78,96.5,96.6,96.3
79,96.4,96.6,96.2
80,96.3,96.6,96.3
81,96.4,96.6,96.3
82,96.3,96.5,96.2
83,96.3,96.5,96.2
84,96.5,96.6,96.1
85,96.4,96.6,96.1
86,96.4,96.5,96.2
87,96.4,96.4,96.2
88,96.4,96.3,96.2
89,96.4,96.3,96.1
90,96.6,96.3,96.0
91,96.6,96.2,96.1
92,96.4,96.2,96.2
93,96.4,96.1,96.2
94,96.3,96.0,96.3
95,96.3,96.0,96.2
96,96.5,96.2,96.1
97,96.4,96.0,96.1
98,96.3,96.0,96.1
99,96.2,96.0,96.1
100,96.1,96.0,96.1
101,96.2,95.9,96.1
102,96.4,96.1,96.1
103,96.2,96.1,96.2
104,96.3,96.1,96.3
105,96.3,96.1,96.3
106,96.2,96.1,96.3
107,96.2,96.1,96.3
108,96.2,96.1,96.1
109,96.1,96.2,96.1
110,96.0,96.2,96.0
111,96.0,96.0,96.1
112,96.0,96.0,96.2
113,96.1,96.0,96.0
114,96.2,96.1,95.9
115,96.1,96.1,96.0
116,96.1,96.1,96.1
117,96.1,96.0,96.1
118,96.0,96.0,96.1
119,95.9,96.1,96.1
120,96.1,96.1,96.1
121,96.0,96.1,96.1
122,96.0,96.1,96.1
123,96.0,95.9,96.2
124,95.9,96.0,96.2
125,96.1,96.0,96.1
126,96.1,96.1,96.2
127,96.2,96.1,96.2
128,96.1,96.3,96.2
129,96.1,96.2,96.3
130,96.2,96.2,96.3
131,96.4,96.1,96.1
132,96.4,96.2,96.2
133,96.5,96.3,96.4
134,96.5,96.1,96.3
135,96.4,96.1,96.4
136,96.4,96.2,96.5
137,96.5,96.0,96.3
138,96.5,96.2,96.3
139,96.5,96.3,96.3
140,96.5,96.1,96.2
141,96.4,96.2,96.3
142,96.5,96.3,96.3
143,96.7,96.1,96.1
144,96.8,96.2,96.1
145,96.7,96.2,96.0
146,96.6,96.1,96.0
147,96.5,96.1,96.1
148,96.4,96.0,96.1
149,96.6,95.9,96.1
150,96.5,96.1,96.2
151,96.4,96.1,96.1
152,96.4,96.0,96.2
153,96.3,96.0,96.3
154,96.4,96.0,96.1
155,96.5,95.9,96.1
156,96.3,96.0,96.2
157,96.3,96.1,96.2
158,96.2,96.0,96.2
159,96.2,96.0,96.3
160,96.3,96.0,96.1
161,96.2,96.4,96.0
162,96.2,96.6,96.1
163,96.2,96.5,96.3
164,96.1,96.4,96.7
165,96.1,96.3,96.7
166,96.1,96.2,96.6
167,96.2,96.2,96.4
168,96.3,96.4,96.4
169,96.2,96.3,96.4
170,96.1,96.2,96.4
171,96.2,96.2,96.5
172,96.3,96.3,96.4
173,96.3,96.2,96.4
174,96.2,96.4,96.3
175,96.1,96.2,96.2
176,96.0,96.2,96.2
177,96.0,96.2,96.3
178,96.1,96.1,96.1
179,96.1,96.0,96.1
180,96.2,96.2,96.0
181,96.2,96.1,96.0
182,96.1,96.1,96.0
183,96.1,96.0,96.0
184,96.1,95.9,96.0
185,96.1,95.9,96.2
186,96.1,96.0,96.1
187,96.0,96.0,96.1
188,95.8,96.0,96.2
189,95.8,96.0,96.1
190,95.7,95.8,96.1
191,95.9,95.8,96.2
192,96.1,96.0,96.0
193,95.9,96.0,96.0
194,96.0,96.0,96.0
195,96.0,95.9,96.0
196,96.0,95.8,96.1
197,96.1,95.8,96.1
198,96.1,95.9,96.0
199,96.0,95.9,96.0
200,96.0,95.9,96.1
201,96.0,95.8,96.2
202,96.0,95.8,96.2
203,96.1,95.8,96.2
204,96.1,95.9,96.1
205,95.9,96.0,96.0
206,95.9,96.0,96.1
207,96.0,96.1,96.2
208,95.9,96.0,96.1
209,96.1,96.0,96.1
210,96.1,96.1,96.0
211,96.1,96.1,95.9
212,96.1,96.1,95.9
213,96.0,96.0,96.2
214,96.0,96.1,96.2
215,96.1,96.1,96.0
216,96.0,96.1,96.0
217,96.0,96.1,96.0
218,96.0,96.2,96.0
219,95.9,96.1,96.1
220,96.0,96.1,96.2
221,96.1,96.1,96.0
222,96.0,96.1,96.0
223,96.1,96.3,96.0
224,96.0,96.3,96.0
225,96.0,96.2,96.2
226,96.1,96.1,96.2
227,96.1,96.0,96.1
228,96.0,96.1,96.1
229,96.0,96.2,96.0
230,95.9,96.0,96.0
231,95.8,96.0,96.2
232,95.9,95.9,96.2
233,96.1,95.8,96.1
234,96.0,96.0,96.0
235,95.9,96.1,95.9
236,96.0,96.0,95.9
237,96.1,96.0,96.2
238,96.2,96.0,96.1
239,96.2,95.9,96.0
240,96.1,96.2,96.0
241,96.1,96.2,95.9
242,96.1,96.3,95.9
243,96.0,96.3,96.1
244,96.1,96.2,96.0
245,96.2,96.0,95.9
246,96.1,96.2,95.9
247,96.1,96.2,95.8
248,96.1,96.1,95.8
249,96.1,96.1,95.9
250,96.1,96.0,95.8
251,96.0,95.9,95.9
252,96.0,96.0,95.9
253,96.0,96.1,95.7
254,95.8,96.0,95.8
255,95.8,95.9,96.0
256,96.1,95.9,95.9
257,96.1,95.7,95.9
258,96.1,95.9,95.9
259,96.1,95.8,95.7
260,96.1,95.9,95.8
261,96.2,95.9,95.9
262,96.3,95.8,95.8
263,96.3,96.0,95.8
264,96.2,96.0,95.8
265,96.1,96.0,95.9
266,96.0,96.0,96.0
267,96.0,96.0,96.0
268,95.9,95.9,95.9
269,96.0,96.0,95.9
270,96.1,96.0,95.9
271,96.5,96.0,95.8
272,96.3,96.0,96.0
273,96.3,96.0,95.9
274,96.4,95.9,96.0
275,96.3,96.0,95.9
276,96.3,96.1,95.8
277,96.2,96.2,95.7
278,96.3,96.1,95.9
279,96.3,96.0,95.9
280,96.2,95.9,95.8
281,96.3,96.1,95.8
282,96.2,96.2,95.8
283,96.1,96.1,95.9
284,96.0,96.0,96.0
285,96.0,96.1,96.1
286,96.0,96.0,96.1
287,96.1,96.2,96.0
288,96.1,96.3,95.9
289,96.0,96.3,96.0
290,96.1,96.3,96.2
291,96.2,96.2,96.0
292,96.1,96.2,96.0
293,96.2,96.3,96.0
294,96.2,96.2,96.0
295,96.0,96.4,96.1
296,96.1,96.4,96.3
297,96.2,96.2,96.3
298,96.1,96.1,96.3
299,96.1,96.2,96.3
300,96.2,96.2,96.4
301,107.6,96.1,96.5
302,108.0,96.1,96.4
303,96.6,96.0,96.3
304,96.5,96.0,96.3
305,96.5,96.2,96.3
306,96.5,96.1,96.4
307,96.4,96.1,96.5
308,96.4,118.3,96.4
309,96.3,118.5,96.4
310,96.2,118.8,96.4
311,96.4,101.5,96.3
312,96.3,100.8,96.6
313,96.2,100.2,96.7
314,96.3,99.7,96.5
315,96.4,99.2,96.6
316,96.4,98.8,103.7
317,96.4,98.5,114.4
318,96.3,98.1,113.9
319,96.3,97.9,105.6
320,96.2,97.6,105.5
321,96.2,97.4,105.3
322,96.2,97.2,105.0
323,96.3,97.2,104.7
324,96.2,97.1,104.9
325,96.1,97.0,113.2
326,96.3,96.8,113.7
327,96.2,96.7,106.6
328,96.2,96.5,106.3
329,96.3,96.5,106.2
330,96.2,96.5,113.4
331,96.3,96.4,113.3
332,96.3,96.3,112.8
333,96.2,96.2,113.0
334,96.2,96.2,112.8
335,96.3,96.3,104.6
336,96.1,96.3,104.2
337,96.1,96.2,117.9
338,96.0,96.0,112.6
339,95.9,96.0,96.5
340,95.9,96.0,96.4
341,96.0,96.0,96.4
342,96.0,96.2,96.5
343,95.9,96.2,96.4
344,95.8,96.1,96.5
345,95.9,96.1,96.4
346,96.0,96.0,96.4
347,95.8,96.1,96.4
348,95.8,96.3,96.4
349,95.7,96.3,96.5
350,95.7,96.2,96.3
351,95.8,96.2,96.3
352,95.9,96.2,96.2
353,95.8,96.3,96.3
354,95.8,96.3,96.3
355,95.8,96.1,96.4
356,95.8,96.2,96.4
357,95.9,96.1,96.5
358,95.9,96.0,96.4
359,95.8,96.2,96.5
360, ,96.2,96.5
361, ,96.1,96.5
362, ,96.1,96.5
363, ,96.1,96.3
364, ,96.2,96.5
365, ,96.3,96.7
366, ,96.3,96.5
367, ,96.1,96.5
368, ,96.2,96.4
369, , ,96.3
370, , ,96.4
371, , ,96.4
372, , ,96.4
373, , ,96.4
374, , ,96.3
375, , ,96.3
376, , ,96.5
377, , ,96.3
378, , ,96.3
379, , ,96.3
380, , ,96.2
381, , ,96.2
382, , ,96.2
383, , ,96.3
384, , ,96.3
385, , ,96.3
386, , ,96.2
387, , ,96.2
388, , ,96.3
389, , ,96.3
390, , ,96.4
391, , ,96.4
392, , ,96.3
393, , ,96.3
394, , ,96.3
395, , ,96.4
396, , ,96.3
