time,w1,w2,w3
1,103.7,95.6,110.7
2,117.7,117.3,110.7
3,103.1,117.1,115.8
4,95.9,117.0,115.7
5,95.9,116.8,115.7
6,96.0,116.7,115.7
7,96.1,116.7,116.0
8,96.1,104.1,116.1
9,96.0,96.8,116.1
10,96.0,96.7,116.0
11,96.1,96.6,116.0
12,96.1,96.5,116.0
13,96.2,96.5,116.1
14,96.1,96.5,116.2
15,96.0,96.5,116.1
16,96.0,96.5,115.8
17,96.2,96.4,101.5
18,96.1,96.4,101.2
19,96.1,96.3,100.7
20,96.2,96.3,100.2
21,96.2,96.4,99.6
22,96.2,96.3,99.3
23,96.2,96.2,99.1
24,96.2,96.3,98.7
25,96.1,96.3,98.6
26,96.1,96.3,98.3
27,96.0,96.5,98.0
28,96.0,96.3,97.8
29,96.1,96.3,97.6
30,96.0,96.2,97.5
31,96.1,96.1,97.4
32,96.1,96.1,97.2
33,96.0,96.1,97.0
34,96.1,96.0,96.9
35,96.3,96.0,96.9
36,96.2,96.0,96.9
37,96.2,96.0,96.9
38,96.1,96.0,96.8
39,96.1,96.0,96.7
40,96.3,95.9,96.6
41,96.2,95.9,96.5
42,96.2,95.8,96.6
43,96.1,96.0,96.6
44,96.0,96.2,96.5
45,96.2,96.0,96.5
46,96.2,96.0,96.5
47,96.1,96.0,96.4
48,96.0,96.0,96.4
49,96.1,96.2,96.4
50,96.0,96.3,96.2
51,96.1,96.2,96.3
52,96.2,96.1,96.2
53,96.1,96.1,96.1
54,96.1,96.0,96.4
55,96.2,96.1,96.4
56,96.1,96.2,96.3
57,96.3,96.1,96.3
58,96.2,96.1,96.4
59,96.1,96.1,96.4
60,96.1,96.0,96.6
61,96.0,96.0,96.5
62,96.0,96.1,96.3
63,96.1,96.0,96.3
64,96.1,96.0,96.3
65,96.0,95.9,96.3
66,96.1,95.8,96.2
67,96.0,95.9,96.4
68,96.1,96.1,96.4
69,96.2,96.0,96.6
70,96.0,95.9,96.5
71,96.0,95.8,96.8
72,96.0,95.8,96.7
73,95.9,95.9,96.7
74,96.0,95.9,96.8
75,96.0,95.9,96.8
76,95.9,95.8,96.7
77,96.0,95.7,96.9
78,96.1,96.0,96.9
79,96.0,96.0,96.8
80,96.1,96.0,96.8
81,96.2,96.0,96.7
82,96.0,96.0,96.6
83,96.1,95.9,96.9
84,96.0,96.1,96.8
85,95.9,96.2,96.7
86,96.0,96.1,96.6
87,96.1,96.2,96.6
88,96.0,96.0,96.4
89,96.0,95.9,96.5
90,96.2,95.9,96.5
91,96.1,96.1,96.3
92,96.2,96.0,96.4
93,96.3,95.9,96.2
94,96.1,95.9,96.2
95,96.1,95.9,96.5
96,96.0,96.1,96.5
97,96.0,96.1,96.4
98,95.9,95.9,96.4
99,95.9,96.0,96.3
100,96.0,95.9,96.3
101,96.0,95.9,96.3
102,95.9,96.0,96.4
103,95.9,95.9,96.4
104,96.0,96.0,96.4
105,96.1,96.0,96.4
106,96.3,96.1,96.5
107,96.3,96.1,96.5
108,96.2,96.1,96.5
109,96.1,96.0,96.5
110,96.3,95.9,96.5
111,96.2,95.9,96.4
112,96.1,95.9,96.3
113,96.1,96.0,96.4
114,96.0,95.9,96.4
115,96.0,95.8,96.4
116,96.0,95.9,96.3
117,95.9,95.9,96.2
118,95.9,95.9,96.2
119,95.9,96.1,96.3
120,95.8,96.1,96.1
121,95.9,95.9,96.1
122,96.0,95.9,96.2
123,95.9,96.0,96.1
124,95.9,96.0,96.2
125,96.1,96.1,96.5
126,96.1,96.1,96.3
127,96.1,96.1,96.3
128,96.1,96.1,96.3
129,96.2,96.0,96.2
130,96.2,96.1,96.4
131,96.1,96.2,96.5
132,96.1,96.1,96.5
133,96.1,96.1,96.5
134,96.0,96.0,96.4
135,96.2,96.2,96.4
136,96.2,96.3,96.4
137,96.1,96.4,96.3
138,96.1,96.3,96.4
139,96.0,96.3,96.4
140,96.0,96.4,96.2
141,96.1,96.2,96.3
142,96.1,96.2,96.5
143,96.0,96.4,96.4
144,96.0,96.3,96.5
145,96.1,96.4,96.5
146,96.1,96.4,96.3
147,96.2,96.3,96.2
148,96.2,96.4,96.2
149,96.1,96.6,96.2
150,96.1,96.5,96.3
151,96.1,96.4,96.3
152,96.3,96.4,96.2
153,96.3,96.3,96.2
154,96.3,96.5,96.3
155,96.1,96.5,96.3
156,96.1,96.3,96.5
157,96.0,96.3,96.4
158,96.1,96.2,96.3
159,96.2,96.1,96.3
160,96.2,96.3,96.2
161,96.2,96.3,96.4
162,96.2,96.2,96.4
163,96.0,96.1,96.3
164,96.0,96.0,96.4
165,96.1,96.0,96.5
166,96.0,96.2,96.3
167,96.0,96.1,96.5
168,96.0,96.0,96.5
169,95.9,96.0,96.3
170,95.9,95.8,96.3
171,95.9,95.9,96.3
172,95.8,96.0,96.1
173,95.9,95.9,96.1
174,95.9,95.9,96.1
175,95.9,95.9,96.1
176,95.9,95.9,96.1
177,96.0,95.9,96.1
178,96.0,96.0,96.0
179,96.0,95.9,96.1
180,96.1,95.9,96.3
181,96.1,95.9,96.1
182,96.1,95.8,96.1
183,96.1,95.9,96.1
184,96.0,96.0,96.0
185,96.0,95.9,96.1
186,96.0,95.9,96.3
187,95.9,95.9,96.2
188,96.0,95.9,96.2
189,96.0,96.1,96.2
190,95.9,95.9,96.3
191,96.0,95.9,96.4
192,95.8,95.9,96.4
193,95.8,95.8,96.4
194,96.0,95.8,96.7
195,96.0,95.8,96.6
196,96.0,95.7,96.6
197,96.1,95.8,96.5
198,96.1,95.8,96.4
199,96.2,95.7,96.4
200,96.4,95.8,96.5
201,96.5,96.0,96.3
202,96.5,96.0,96.3
203,96.5,95.9,96.4
204,96.6,95.9,96.4
205,96.6,95.8,96.4
206,96.8,95.9,96.4
207,96.7,96.0,96.2
208,96.7,95.9,96.2
209,96.7,95.9,96.5
210,96.5,95.8,96.4
211,96.6,95.7,96.3
212,96.8,95.7,96.3
213,96.7,95.8,96.2
214,96.7,95.9,96.2
215,96.8,96.1,96.4
216,96.7,96.0,96.4
217,96.6,95.9,96.5
218,96.6,95.9,96.4
219,96.4,96.0,96.3
220,96.4,96.0,96.2
221,96.3,95.8,96.4
222,96.3,95.7,96.3
223,96.3,95.7,96.4
224,96.2,95.9,96.3
225,96.2,95.8,103.3
226,96.1,95.9,97.0
227,96.0,95.9,97.0
228,96.1,95.9,96.9
229,96.1,95.9,96.8
230,96.1,96.0,96.7
231,96.3,95.9,96.7
232,96.3,96.0,96.7
233,96.2,96.1,96.7
234,96.2,96.0,96.6
235,96.2,95.9,96.6
236,96.2,95.9,96.5
237,96.3,95.9,96.5
238,96.2,95.8,96.5
239,96.1,95.9,96.5
240,96.1,95.7,96.4
241,96.1,95.8,96.4
242,96.1,96.0,96.3
243,96.0,95.8,96.2
244,96.0,95.8,96.3
245,96.0,95.8,96.3
246,96.0,95.7,96.3
247,95.9,95.8,96.3
248,95.8,95.7,96.2
249,96.0,95.8,96.1
250,95.9,95.7,96.2
251,95.9,95.6,96.2
252,95.8,95.7,96.1
253,95.7,95.8,96.0
254,95.8,95.8,96.0
255,95.9,95.9,96.0
256,95.9,96.3,96.0
257,95.9,96.7,96.1
258,95.9,97.0,96.1
259,95.8,97.2,96.1
260,95.9,97.4,96.3
261,96.0,97.3,96.3
262,95.9,97.2,96.4
263,95.9,97.1,96.3
264,96.0,97.3,96.4
265,96.0,97.5,96.4
266,96.1,97.8,96.4
267,96.2,97.9,96.4
268,96.1,97.9,96.5
269,96.1,97.6,96.5
270,96.0,97.4,96.6
271,95.9,97.4,96.4
272,96.0,97.1,96.4
273,96.1,97.1,96.3
274,96.0,97.0,96.4
275,96.0,96.8,96.4
276,96.1,96.7,96.3
277,96.1,96.8,96.2
278,96.2,96.7,96.2
279,96.2,96.6,96.1
280,96.2,96.4,96.2
281,96.3,96.3,96.3
282,96.1,96.3,96.2
283,96.1,96.3,96.2
284,96.2,96.3,96.2
285,96.2,96.1,96.1
286,96.3,96.0,96.4
287,96.3,95.9,96.3
288,96.2,96.0,96.2
289,96.1,96.1,96.2
290,96.2,96.0,96.3
291,96.1,96.0,96.2
292,96.1,95.8,96.4
293,96.1,96.0,96.4
294,96.0,96.1,96.2
295,96.0,96.0,96.2
296,96.1,96.6,96.2
297,96.1,96.7,96.1
298,96.1,96.5,96.2
299,96.0,96.4,96.3
300,95.9,96.4,96.2
301,95.9,96.3,96.2
302,96.0,96.3,96.2
303,95.9,96.3,96.1
304,96.0,96.2,96.1
305,96.0,96.2,96.3
306,95.9,96.3,96.1
307,95.9,96.1,96.1
308,96.1,96.2,96.1
309,96.1,96.1,96.0
310,96.0,96.2,96.0
311,95.9,96.1,96.1
312,95.9,96.1,96.1
313,95.8,96.2,96.2
314,95.9,96.3,96.3
315,96.0,96.1,96.3
316,96.1,96.1,96.4
317,96.0,96.2,96.3
318,95.9,96.2,96.3
319,95.9,96.3,96.2
320,96.0,96.2,96.1
321,96.1,96.1,96.1
322,96.2,96.1,96.3
323,96.1,96.3,96.2
324,96.1,96.3,96.3
325,96.7,96.3,96.4
326,96.8,96.2,96.3
327,96.7,96.1,96.2
328,96.6,96.3,96.2
329,96.5,96.6,96.2
330,96.4,97.0,96.2
331,96.4,96.8,96.2
332,96.4,96.7,96.1
333,96.6,96.7,96.1
334,96.5,96.7,96.2
335,96.5,96.8,96.3
336,96.5,96.5,96.3
337,96.6,96.5,96.3
338,96.5,96.5,96.2
339,96.4,96.3,96.4
340,96.3,96.3,96.5
341,96.2,96.2,96.3
342,96.2,96.3,96.3
343,96.1,96.4,96.2
344,96.3,96.3,96.2
345,96.2,96.2,96.4
346,96.1,96.2,96.3
347,96.0,96.3,96.3
348,96.0,96.3,96.3
349,96.0,96.3,96.2
350,96.1,96.1,96.1
351,96.1,96.1,96.4
352,96.0,96.1,96.2
353,95.9,96.1,96.2
354,95.9,96.2,96.2
355,95.9,96.2,96.1
356,96.0,96.4,96.1
357,96.0,96.9,96.3
358,95.9,96.9,96.3
359,96.0,96.9,96.3
360,96.2,96.8,96.3
361,96.2,96.6,96.3
362,96.3,96.4,96.3
363,96.3,96.5,96.3
364,102.9,96.5,96.2
365,96.5,96.5,96.1
366,96.5,96.4,96.1
367,96.5,96.3,96.0
368,96.5,96.2,96.1
369,96.5,96.3,96.4
370,96.3,96.4,96.3
371,96.2,96.4,96.3
372,96.1,96.3,96.4
373,96.2,96.2,96.6
374,96.3,96.4,96.6
375,96.2,96.4,96.7
376,96.1,96.4,96.7
377,96.1,96.4,96.7
378,96.1,96.4,96.5
379,96.1,96.4,96.6
380,96.1,96.4,96.8
381,96.0,96.4,96.7
382,95.9,96.4,96.7
383,95.9,96.4,96.6
384,95.9,96.5,96.5
385,95.9,96.3,96.5
386,96.0,96.3,96.6
387,95.9,96.2,96.4
388,95.9,96.2,96.3
389,95.8,96.3,96.3
390,95.8,96.3,96.2
391,95.9,96.1,96.2
392,96.0,96.1,96.4
393,95.9,96.0,96.2
394,95.9,96.0,96.3
395,96.0,96.0,96.4
396,96.0,96.0,96.2
397,96.0,95.9,96.2
398,96.0,96.0,96.2
399,95.9,96.1,96.1
400,96.1,96.2,96.2
401,96.1,96.2,96.2
402,96.2,96.0,96.1
403,96.2,96.1,96.2
404,96.1,96.2,96.3
405,96.2,96.2,96.3
406,96.2,96.3,96.4
407,96.1,96.3,96.3
408,96.1,96.2,96.2
409,96.1,96.3,96.4
410,96.0,96.2,96.3
411,95.9,96.1,96.3
412,96.0,96.3,96.3
413,96.1,96.3,96.2
414,96.2,96.3,96.2
415,96.1,96.2,96.4
416,96.1,96.2,96.3
417,96.1,96.1,96.2
418,96.1,96.3,96.2
419,96.2,96.4,96.1
420,96.3,96.2,96.1
421,96.2,96.1,96.3
422,96.2,96.1,96.3
423,96.2,96.2,96.3
424,96.2,96.2,96.3
425,96.3,96.3,96.2
426,96.4,96.1,96.1
427,96.3,96.1,96.4
428,96.2,96.1,96.2
429,96.2,96.0,96.3
430,96.4,96.1,96.4
431,96.4,96.0,96.3
432,96.3,96.0,96.3
433,96.1,96.0,96.2
434,96.1,96.1,96.3
435,96.3,96.1,96.2
436,96.2,96.2,96.2
437,96.4,96.3,96.3
438,96.5,96.3,96.5
439,96.4,96.3,96.5
440,96.5,96.4,96.4
441,96.5,96.6,96.3
442,96.4,96.7,96.2
443,96.5,96.6,96.2
444,96.4,96.6,96.2
445,96.3,96.6,96.3
446,96.4,96.5,96.3
447,96.3,96.6,96.3
448,96.3,96.5,96.2
449,96.4,96.4,96.2
450,96.3,96.5,96.3
451,96.3,96.5,96.2
452,96.4,96.5,96.2
453,96.3,96.5,96.3
454,96.2,96.6,96.2
455,96.3,96.4,96.2
456,96.3,96.4,96.4
457,96.1,96.3,96.2
458,96.1,96.2,96.2
459,96.0,96.2,96.2
460,95.8,96.3,96.1
461,96.0,96.3,96.1
462,96.0,96.2,96.3
463,96.0,96.1,96.2
464,96.0,96.1,96.2
465,95.9,96.1,96.2
466,95.9,96.2,96.3
467,96.1,96.2,96.1
468,96.0,96.3,96.2
469,95.9,96.2,96.2
470,96.0,96.1,96.2
471,95.9,96.2,96.3
472,95.9,96.1,96.2
473,96.1,96.1,96.2
474,96.0,96.1,96.2
475,96.1,95.9,96.3
476,96.1,95.9,96.3
477,96.0,96.0,96.1
478,96.1,96.0,96.2
479,96.2,96.0,96.2
480,96.1,96.0,96.3
481,96.1,95.9,96.4
482,96.1,95.9,96.3
483,96.0,96.0,96.2
484,96.1,95.9,96.1
485,96.2,95.9,96.2
486,96.2,95.9,96.3
487,96.2,95.8,96.5
488,96.1,95.9,96.4
489,96.0,96.0,96.3
490,96.1,95.9,96.3
491,96.2,95.9,96.2
492,96.0,95.8,96.3
493,96.0,95.8,96.3
494,95.9,96.0,96.1
495,95.9,96.0,96.1
496,96.0,95.9,96.1
497,96.0,95.9,95.9
498,96.0,95.8,96.2
499,96.0,95.9,96.2
500,96.0,96.0,96.3
501,96.3,95.9,96.2
502,96.6,95.8,96.2
503,96.8,95.8,96.2
504,96.8,95.7,96.3
505,96.8,96.0,96.4
506,96.7,96.1,96.3
507,96.6,96.0,96.2
508,96.7,96.0,96.3
509,96.7,96.0,96.3
510,96.8,95.8,96.5
511,96.7,95.9,96.5
512,96.7,96.0,96.4
513,96.6,95.9,96.3
514,96.6,95.9,96.3
515,96.7,95.9,96.3
516,96.6,95.9,96.5
517,96.6,96.0,96.4
518,96.4,96.1,96.3
519,96.3,95.9,96.2
520,96.4,95.9,96.2
521,96.3,95.9,96.0
522,96.3,95.8,96.2
523,96.2,95.9,96.2
524,96.1,96.0,96.1
525,96.0,95.9,96.2
526,96.0,95.9,96.1
527,96.2,95.8,96.1
528,96.2,95.8,96.3
529,96.1,95.8,96.2
530,96.1,95.8,96.3
531,96.1,95.8,96.3
532,96.0,95.8,96.2
533,96.1,95.7,96.2
534,96.2,95.7,96.4
535,96.1,95.9,96.4
536,96.2,96.0,96.3
537,96.2,96.0,96.3
538,96.1,95.9,96.2
539,96.2,95.8,96.2
540,96.1,95.8,96.4
541,95.9,96.0,96.3
542,96.0,95.9,96.3
543,96.1,95.9,96.2
544,96.0,95.8,96.1
545,96.1,95.8,96.1
546,96.2,95.8,96.3
547,96.1,96.0,96.1
548,96.0,95.9,96.1
549,95.9,95.9,96.1
550,95.9,95.9,96.2
551,96.1,95.8,96.3
552,96.1,95.8,96.4
553,96.0,96.2,96.4
554,96.0,96.1,96.4
555,96.1,96.0,96.2
556,96.1,96.1,96.2
557,96.2,96.1,96.3
558,96.1,96.2,96.4
559,96.1,96.2,96.4
560,96.1,96.2,96.3
561,95.9,96.1,96.2
562,96.0,96.0,96.2
563,96.1,96.0,96.3
564,96.0,96.1,96.3
565,96.0,96.2,96.3
566,96.0,96.1,96.2
567,95.9,96.1,96.1
568,95.9,95.9,96.1
569,96.0,95.9,96.1
570,95.9,95.9,96.2
571,95.9,95.9,96.2
572,95.9,96.0,96.2
573,95.8,96.0,96.1
574,95.9,95.9,96.0
575,95.9,95.9,96.0
576,95.8,95.9,95.9
577,95.7,96.0,96.1
578,95.8,96.0,96.2
579,95.7,96.0,96.2
580,95.9,95.9,96.3
581,96.0,95.9,96.3
582,95.9,95.9,96.4
583,95.9,96.0,96.4
584,95.9,96.0,96.3
585,95.9,95.9,96.5
586,96.0,95.9,96.6
587,96.0,96.5,96.4
588,96.0,96.9,96.4
589,96.1,96.8,96.6
590,96.0,96.8,96.6
591,95.9,96.6,96.6
592,96.0,96.6,96.6
593,96.0,96.6,96.5
594,96.0,96.6,96.6
595,95.9,96.7,96.6
596,95.8,96.6,96.4
597,95.9,96.5,96.4
598,95.9,96.5,96.3
599,95.9,96.6,96.2
600,96.0,96.5,96.4
601,96.0,96.5,96.3
602,95.9,96.5,96.2
603,109.7,96.3,96.1
604,102.1,96.5,96.2
605,94.9,96.3,96.1
606,95.0,96.2,96.3
607,95.1,96.4,96.3
608,95.2,105.2,96.2
609,95.4,119.8,96.2
610,95.4,119.8,96.2
611,95.5,114.2,96.1
612,95.7,95.7,96.3
613,95.7,95.8,96.3
614,95.7,95.9,96.2
615,95.8,95.9,96.2
616,96.0,95.9,96.2
617,96.1,96.0,96.4
618,96.1,95.9,104.4
619,96.0,96.0,114.6
620,96.0,96.0,114.0
621,95.9,96.0,104.3
622,95.9,96.0,104.3
623,95.9,95.9,104.6
624,95.9,95.9,104.3
625,95.9,96.2,104.3
626,95.9,96.1,104.7
627,96.0,96.1,104.8
628,96.1,96.1,104.7
629,96.1,96.0,104.6
630,96.1,96.0,104.3
631,96.0,96.1,104.5
632,96.1,96.0,114.2
633,96.1,96.1,114.2
634,96.1,96.2,114.2
635,96.1,96.1,114.1
636,96.1,96.1,114.0
637,95.9,96.3,113.8
638,95.9,96.1,113.7
639,96.0,96.1,113.2
640,96.1,96.2,112.8
641,96.0,96.0,112.5
642,96.0,96.0,106.8
643,95.8,96.0,98.0
644,95.9,95.9,97.9
645,96.0,95.9,97.7
646,96.1,95.9,97.5
647,96.1,95.8,97.4
648,95.9,95.8,97.4
649,95.8,96.0,97.4
650,95.8,96.1,97.3
651,95.8,96.1,97.1
652,96.0,95.9,97.0
653,96.1,95.9,96.9
654,96.0,95.9,96.9
655,95.9,95.8,97.0
656,95.8,95.9,96.9
657,95.9,96.0,96.7
658,96.0,95.9,96.6
659,96.0,95.9,96.5
660,95.9,95.9,96.5
661,95.8,95.9,96.6
662, ,96.1,96.5
663, ,96.0,96.4
664, ,95.9,96.4
665, ,95.8,96.4
666, ,95.9,96.5
667, ,95.9,96.5
668, ,96.0,96.4
669, , ,96.3
670, , ,96.3
671, , ,96.5
672, , ,96.6
673, , ,96.7
674, , ,96.8
675, , ,96.8
676, , ,96.8
677, , ,96.8
678, , ,96.7
679, , ,96.8
680, , ,96.7
681, , ,96.7
682, , ,96.7
683, , ,96.6
684, , ,96.8
685, , ,96.8
686, , ,96.7
687, , ,96.7
688, , ,96.7
689, , ,96.7
690, , ,96.7
691, , ,96.7
692, , ,96.5
693, , ,96.5
694, , ,96.5
695, , ,96.5
696, , ,96.5
697, , ,96.5
698, , ,96.4
699, , ,96.4
700, , ,96.3
