time,w1,w2,w3
1,111.1,103.7,120.2
2,98.2,117.7,107.6
3,98.1,103.1,95.7
4,97.8,95.9,95.8
5,97.7,95.9,95.9
6,97.5,96.0,95.9
7,97.4,96.1,95.9
8,97.3,96.1,95.9
9,97.2,96.0,95.8
10,97.0,96.0,95.9
11,96.9,96.1,96.1
12,96.9,96.1,96.0
13,96.7,96.2,96.0
14,96.7,96.1,96.1
15,96.7,96.0,96.0
16,96.5,96.0,96.0
17,96.5,96.2,96.2
18,96.6,96.1,96.2
19,96.6,96.1,96.2
20,96.5,96.2,96.2
21,96.5,96.2,96.0
22,96.4,96.2,96.1
23,96.4,96.2,96.2
24,96.4,96.2,96.1
25,96.4,96.1,96.1
26,96.4,96.1,96.1
27,96.3,96.0,96.0
28,96.2,96.0,96.1
29,96.2,96.1,96.2
30,96.3,96.0,96.2
31,96.4,96.1,96.3
32,96.3,96.1,96.2
33,96.2,96.0,96.2
34,96.2,96.1,96.3
35,96.3,96.3,96.3
36,96.3,96.2,96.5
37,96.2,96.2,96.6
38,96.2,96.1,96.4
39,96.1,96.1,96.4
40,96.2,96.3,96.4
41,96.2,96.2,96.3
42,96.2,96.2,96.3
43,96.2,96.1,96.3
44,96.2,96.0,96.2
45,96.1,96.2,96.1
46,96.1,96.2,96.2
47,96.0,96.1,96.2
48,96.0,96.0,96.2
49,96.0,96.1,96.2
50,96.1,96.0,95.9
51,96.0,96.1,96.0
52,96.0,96.2,96.0
53,96.1,96.1,96.1
54,96.0,96.1,96.2
55,96.1,96.2,96.2
56,96.1,96.1,96.1
57,96.1,96.3,96.2
58,96.1,96.2,96.2
59,96.1,96.1,96.2
60,96.2,96.1,96.2
61,96.2,96.0,96.2
62,96.2,96.0,96.5
63,96.1,96.1,96.4
64,96.2,96.1,96.4
65,96.2,96.0,96.4
66,96.3,96.1,96.3
67,96.3,96.0,96.2
68,96.1,96.1,96.2
69,96.1,96.2,96.2
70,96.2,96.0,96.2
71,96.3,96.0,96.4
72,96.4,96.0,96.3
73,96.3,95.9,96.2
74,96.2,96.0,96.1
75,96.2,96.0,96.1
76,96.4,95.9,96.3
77,96.3,96.0,96.3
78,96.5,96.1,96.2
79,96.4,96.0,96.1
80,96.3,96.1,96.1
81,96.4,96.2,96.1
82,96.3,96.0,96.1
83,96.3,96.1,96.2
84,96.5,96.0,96.2
85,96.4,95.9,96.5
86,96.4,96.0,96.5
87,96.4,96.1,96.4
88,96.4,96.0,96.3
89,96.4,96.0,96.5
90,96.6,96.2,96.5
91,96.6,96.1,96.4
92,96.4,96.2,96.3
93,96.4,96.3,96.1
94,96.3,96.1,96.2
95,96.3,96.1,96.3
96,96.5,96.0,96.2
97,96.4,96.0,96.1
98,96.3,95.9,96.1
99,96.2,95.9,96.0
100,96.1,96.0,96.1
101,96.2,96.0,96.3
102,96.4,95.9,96.1
103,96.2,95.9,96.2
104,96.3,96.0,96.1
105,96.3,96.1,96.0
106,96.2,96.3,96.2
107,96.2,96.3,96.4
108,96.2,96.2,96.3
109,96.1,96.1,96.3
110,96.0,96.3,96.3
111,96.0,96.2,96.3
112,96.0,96.1,96.3
113,96.1,96.1,96.6
114,96.2,96.0,96.4
115,96.1,96.0,96.5
116,96.1,96.0,104.1
117,96.1,95.9,95.9
118,96.0,95.9,96.1
119,95.9,95.9,96.1
120,96.1,95.8,96.0
121,96.0,95.9,96.0
122,96.0,96.0,96.1
123,96.0,95.9,96.2
124,95.9,95.9,96.4
125,96.1,96.1,96.3
126,96.1,96.1,96.3
127,96.2,96.1,96.3
128,96.1,96.1,96.1
129,96.1,96.2,96.2
130,96.2,96.2,96.3
131,96.4,96.1,96.1
132,96.4,96.1,96.1
133,96.5,96.1,96.0
134,96.5,96.0,95.9
135,96.4,96.2,96.0
136,96.4,96.2,96.2
137,96.5,96.1,96.2
138,96.5,96.1,96.1
139,96.5,96.0,96.1
140,96.5,96.0,96.1
141,96.4,96.1,96.3
142,96.5,96.1,96.4
143,96.7,96.0,96.2
144,96.8,96.0,96.2
145,96.7,96.1,96.3
146,96.6,96.1,96.2
147,96.5,96.2,96.2
148,96.4,96.2,96.4
149,96.6,96.1,96.3
150,96.5,96.1,96.3
151,96.4,96.1,96.2
152,96.4,96.3,96.1
153,96.3,96.3,96.2
154,96.4,96.3,96.2
155,96.5,96.1,96.2
156,96.3,96.1,96.3
157,96.3,96.0,96.2
158,96.2,96.1,96.3
159,96.2,96.2,96.3
160,96.3,96.2,96.3
161,96.2,96.2,96.3
162,96.2,96.2,96.2
163,96.2,96.0,96.2
164,96.1,96.0,96.3
165,96.1,96.1,96.3
166,96.1,96.0,96.2
167,96.2,96.0,96.2
168,96.3,96.0,96.2
169,96.2,95.9,96.1
170,96.1,95.9,96.2
171,96.2,95.9,96.4
172,96.3,95.8,96.3
173,96.3,95.9,96.3
174,96.2,95.9,96.3
175,96.1,95.9,96.3
176,96.0,95.9,96.5
177,96.0,96.0,96.5
178,96.1,96.0,96.5
179,96.1,96.0,96.4
180,96.2,96.1,96.4
181,96.2,96.1,96.2
182,96.1,96.1,96.2
183,96.1,96.1,96.2
184,96.1,96.0,96.2
185,96.1,96.0,96.1
186,96.1,96.0,96.0
187,96.0,95.9,96.0
188,95.8,96.0,96.0
189,95.8,96.0,96.0
190,95.7,95.9,96.2
191,95.9,96.0,96.7
192,96.1,95.8,97.1
193,95.9,95.8,97.5
194,96.0,96.0,97.4
195,96.0,96.0,97.3
196,96.0,96.0,97.3
197,96.1,96.1,97.1
198,96.1,96.1,96.8
199,96.0,96.2,96.7
200,96.0,96.4,96.7
201,96.0,96.5,96.6
202,96.0,96.5,96.7
203,96.1,96.5,96.6
204,96.1,96.6,96.4
205,95.9,96.6,96.5
206,95.9,96.8,96.6
207,96.0,96.7,96.4
208,95.9,96.7,96.5
209,96.1,96.7,96.4
210,96.1,96.5,96.4
211,96.1,96.6,96.5
212,96.1,96.8,96.3
213,96.0,96.7,96.2
214,96.0,96.7,96.4
215,96.1,96.8,96.3
216,96.0,96.7,96.3
217,96.0,96.6,96.4
218,96.0,96.6,96.2
219,95.9,96.4,96.3
220,96.0,96.4,96.4
221,96.1,96.3,96.3
222,96.0,96.3,96.4
223,96.1,96.3,96.4
224,96.0,96.2,96.2
225,96.0,96.2,96.3
226,96.1,96.1,96.4
227,96.1,96.0,96.3
228,96.0,96.1,96.2
229,96.0,96.1,96.2
230,95.9,96.1,96.1
231,95.8,96.3,96.3
232,95.9,96.3,96.4
233,96.1,96.2,96.3
234,96.0,96.2,96.2
235,95.9,96.2,96.3
236,96.0,96.2,96.2
237,96.1,96.3,96.4
238,96.2,96.2,96.5
239,96.2,96.1,96.3
240,96.1,96.1,96.2
241,96.1,96.1,96.2
242,96.1,96.1,96.1
243,96.0,96.0,96.1
244,96.1,96.0,96.1
245,96.2,96.0,96.1
246,96.1,96.0,96.1
247,96.1,95.9,95.9
248,96.1,95.8,95.9
249,96.1,96.0,96.0
250,96.1,95.9,96.0
251,96.0,95.9,96.1
252,96.0,95.8,96.0
253,96.0,95.7,95.9
254,95.8,95.8,95.9
255,95.8,95.9,96.0
256,96.1,95.9,96.1
257,96.1,95.9,96.0
258,96.1,95.9,96.0
259,96.1,95.8,95.9
260,96.1,95.9,95.9
261,96.2,96.0,95.9
262,96.3,95.9,96.0
263,96.3,95.9,96.1
264,96.2,96.0,96.2
265,96.1,96.0,96.2
266,96.0,96.1,96.2
267,96.0,96.2,96.2
268,95.9,96.1,96.3
269,96.0,96.1,96.4
270,96.1,96.0,96.4
271,96.5,95.9,96.5
272,96.3,96.0,96.5
273,96.3,96.1,96.5
274,96.4,96.0,96.6
275,96.3,96.0,96.6
276,96.3,96.1,96.5
277,96.2,96.1,96.5
278,96.3,96.2,96.5
279,96.3,96.2,96.5
280,96.2,96.2,96.6
281,96.3,96.3,96.7
282,96.2,96.1,96.6
283,96.1,96.1,96.5
284,96.0,96.2,96.4
285,96.0,96.2,96.3
286,96.0,96.3,96.4
287,96.1,96.3,96.4
288,96.1,96.2,96.2
289,96.0,96.1,96.2
290,96.1,96.2,96.2
291,96.2,96.1,96.2
292,96.1,96.1,96.3
293,96.2,96.1,96.4
294,96.2,96.0,96.3
295,96.0,96.0,96.3
296,96.1,96.1,96.3
297,96.2,96.1,96.4
298,96.1,96.1,96.4
299,96.1,96.0,96.4
300,96.2,95.9,96.3
301,107.6,95.9,96.2
302,108.0,96.0,96.3
303,96.6,95.9,96.3
304,96.5,96.0,96.3
305,96.5,96.0,96.2
306,96.5,95.9,96.3
307,96.4,95.9,96.3
308,96.4,96.1,96.2
309,96.3,96.1,96.4
310,96.2,96.0,96.3
311,96.4,95.9,96.2
312,96.3,95.9,96.2
313,96.2,95.8,96.4
314,96.3,95.9,96.4
315,96.4,96.0,96.5
316,96.4,96.1,96.4
317,96.4,96.0,96.3
318,96.3,95.9,96.3
319,96.3,95.9,96.3
320,96.2,96.0,96.1
321,96.2,96.1,96.2
322,96.2,96.2,96.2
323,96.3,96.1,96.1
324,96.2,96.1,96.0
325,96.1,96.7,96.0
326,96.3,96.8,96.0
327,96.2,96.7,96.2
328,96.2,96.6,96.2
329,96.3,96.5,96.1
330,96.2,96.4,96.1
331,96.3,96.4,96.2
332,96.3,96.4,96.1
333,96.2,96.6,96.3
334,96.2,96.5,96.3
335,96.3,96.5,96.2
336,96.1,96.5,96.2
337,96.1,96.6,96.1
338,96.0,96.5,96.1
339,95.9,96.4,96.2
340,95.9,96.3,96.2
341,96.0,96.2,96.2
342,96.0,96.2,96.2
343,95.9,96.1,96.1
344,95.8,96.3,96.2
345,95.9,96.2,96.3
346,96.0,96.1,96.2
347,95.8,96.0,96.1
348,95.8,96.0,96.0
349,95.7,96.0,96.0
350,95.7,96.1,96.0
351,95.8,96.1,96.2
352,95.9,96.0,96.1
353,95.8,95.9,96.2
354,95.8,95.9,96.2
355,95.8,95.9,96.1
356,95.8,96.0,96.2
357,95.9,96.0,96.3
358,95.9,95.9,96.3
359,95.8,96.0,96.3
360, ,96.2,96.2
361, ,96.2,96.1
362, ,96.3,96.2
363, ,96.3,96.3
364, ,102.9,96.2
365, ,96.5,96.2
366, ,96.5,96.1
367, ,96.5,96.0
368, ,96.5,96.1
369, ,96.5,96.1
370, ,96.3,96.1
371, ,96.2,96.1
372, ,96.1,96.0
373, ,96.2,96.1
374, ,96.3,96.2
375, ,96.2,96.1
376, ,96.1,96.3
377, ,96.1,96.2
378, ,96.1,96.1
379, ,96.1,96.1
380, ,96.1,96.3
381, ,96.0,96.1
382, ,95.9,96.1
383, ,95.9,96.1
384, ,95.9,96.0
385, ,95.9,96.6
386, ,96.0,96.6
387, ,95.9,96.5
388, ,95.9,96.4
389, ,95.8,96.3
390, ,95.8,96.2
391, ,95.9,96.3
392, ,96.0,96.5
393, ,95.9,96.3
394, ,95.9,96.3
395, ,96.0,96.2
396, ,96.0,96.0
397, ,96.0,96.1
398, ,96.0,96.3
399, ,95.9,96.1
400, ,96.1,96.2
401, ,96.1,96.1
402, ,96.2,96.0
403, ,96.2,96.1
404, ,96.1,96.1
405, ,96.2,96.2
406, ,96.2,96.3
407, ,96.1,96.1
408, ,96.1,96.1
409, ,96.1,96.1
410, ,96.0,96.2
411, ,95.9,96.4
412, ,96.0,96.3
413, ,96.1,96.2
414, ,96.2,96.2
415, ,96.1,96.3
416, ,96.1,96.1
417, ,96.1,96.1
418, ,96.1,96.1
419, ,96.2,96.0
420, ,96.3,96.1
421, ,96.2,96.3
422, ,96.2,96.3
423, ,96.2,96.3
424, ,96.2,96.3
425, ,96.3,96.3
426, ,96.4,96.2
427, ,96.3,96.3
428, ,96.2,96.3
429, ,96.2,96.2
430, ,96.4,96.2
431, ,96.4,96.1
432, ,96.3,96.1
433, ,96.1,96.2
434, ,96.1,96.2
435, ,96.3,96.2
436, ,96.2,96.2
437, ,96.4,96.2
438, ,96.5,96.4
439, ,96.4,96.5
440, ,96.5,96.4
441, ,96.5,96.4
442, ,96.4,96.3
443, ,96.5,96.3
444, ,96.4,96.3
445, ,96.3,96.4
446, ,96.4,96.6
447, ,96.3,96.5
448, ,96.3,96.4
449, ,96.4,96.3
450, ,96.3,96.3
451, ,96.3,96.4
452, ,96.4,96.3
453, ,96.3,96.3
454, ,96.2,96.2
455, ,96.3,96.1
456, ,96.3,96.1
457, ,96.1,96.1
458, ,96.1,96.1
459, ,96.0,96.1
460, ,95.8,96.0
461, ,96.0,96.0
462, ,96.0,96.0
463, ,96.0,96.1
464, ,96.0,96.1
465, ,95.9,96.0
466, ,95.9,96.0
467, ,96.1,96.0
468, ,96.0,95.9
469, ,95.9,96.1
470, ,96.0,96.1
471, ,95.9,96.0
472, ,95.9,96.1
473, ,96.1,96.0
474, ,96.0,96.0
475, ,96.1,96.1
476, ,96.1,96.0
477, ,96.0,95.9
478, ,96.1,95.9
479, ,96.2,95.9
480, ,96.1,96.0
481, ,96.1,96.2
482, ,96.1,96.2
483, ,96.0,96.0
484, ,96.1,96.1
485, ,96.2,96.1
486, ,96.2,96.2
487, ,96.2,96.3
488, ,96.1,96.3
489, ,96.0,96.2
490, ,96.1,96.2
491, ,96.2,96.2
492, ,96.0,96.1
493, ,96.0,96.2
494, ,95.9,96.2
495, ,95.9,96.1
496, ,96.0,96.1
497, ,96.0,96.0
498, ,96.0,96.1
499, ,96.0,96.2
500, ,96.0,96.1
501, ,96.3,96.1
502, ,96.6,96.1
503, ,96.8,96.2
504, ,96.8,96.3
505, ,96.8,96.4
506, ,96.7,96.2
507, ,96.6,96.2
508, ,96.7,96.3
509, ,96.7,96.3
510, ,96.8,96.2
511, ,96.7,96.2
512, ,96.7,96.1
513, ,96.6,96.1
514, ,96.6,96.1
515, ,96.7,96.1
516, ,96.6,96.2
517, ,96.6,96.4
518, ,96.4,96.3
519, ,96.3,96.2
520, ,96.4,96.2
521, ,96.3,96.3
522, ,96.3,96.3
523, ,96.2,96.4
524, ,96.1,96.3
525, ,96.0,96.2
526, ,96.0,96.2
527, ,96.2,96.1
528, ,96.2,96.2
529, ,96.1,96.3
530, ,96.1,96.2
531, ,96.1,96.2
532, ,96.0,96.1
533, ,96.1,96.1
534, ,96.2,96.1
535, ,96.1,96.1
536, ,96.2,96.1
537, ,96.2,96.0
538, ,96.1,95.8
539, ,96.2,95.8
540, ,96.1,95.9
541, ,95.9,96.0
542, ,96.0,96.0
543, ,96.1,96.0
544, ,96.0,95.9
545, ,96.1,96.0
546, ,96.2,96.2
547, ,96.1,96.1
548, ,96.0,96.1
549, ,95.9,96.1
550, ,95.9,96.1
551, ,96.1,96.2
552, ,96.1,96.3
553, ,96.0,96.3
554, ,96.0,96.3
555, ,96.1,96.3
556, ,96.1,96.4
557, ,96.2,96.3
558, ,96.1,96.3
559, ,96.1,96.4
560, ,96.1,96.4
561, ,95.9,96.3
562, ,96.0,96.4
563, ,96.1,96.4
564, ,96.0,96.3
565, ,96.0,96.6
566, ,96.0,96.6
567, ,95.9,96.5
568, ,95.9,96.5
569, ,96.0,96.5
570, ,95.9,96.5
571, ,95.9,96.7
572, ,95.9,96.6
573, ,95.8,96.5
574, ,95.9,96.5
575, ,95.9,96.6
576, ,95.8,96.7
577, ,95.7,96.8
578, ,95.8,96.8
579, ,95.7,96.7
580, ,95.9,96.7
581, ,96.0,96.8
582, ,95.9,96.8
583, ,95.9,96.9
584, ,95.9,96.8
585, ,95.9,96.7
586, ,96.0,96.8
587, ,96.0,96.6
588, ,96.0,96.6
589, ,96.1,96.7
590, ,96.0,96.6
591, ,95.9,96.6
592, ,96.0,96.5
593, ,96.0,96.4
594, ,96.0,96.4
595, ,95.9,96.4
596, ,95.8,96.5
597, ,95.9,96.4
598, ,95.9,96.4
599, ,95.9,96.3
600, ,96.0,96.4
601, ,96.0,96.5
602, ,95.9,96.4
603, ,109.7,96.4
604, ,102.1,96.3
605, ,94.9,96.2
606, ,95.0,96.4
607, ,95.1,96.5
608, ,95.2,96.3
609, ,95.4,96.3
610, ,95.4,96.3
611, ,95.5,96.4
612, ,95.7,96.4
613, ,95.7,96.5
614, ,95.7,96.4
615, ,95.8,96.3
616, ,96.0,96.6
617, ,96.1,96.4
618, ,96.1,96.3
619, ,96.0,96.3
620, ,96.0,96.3
621, ,95.9,96.5
622, ,95.9,96.4
623, ,95.9,96.4
624, ,95.9,96.4
625, ,95.9,96.5
626, ,95.9,96.7
627, ,96.0,96.6
628, ,96.1,96.4
629, ,96.1,96.5
630, ,96.1,96.5
631, ,96.0,96.6
632, ,96.1,96.5
633, ,96.1,96.5
634, ,96.1,96.3
635, ,96.1,96.3
636, ,96.1,96.5
637, ,95.9,96.5
638, ,95.9,96.5
639, ,96.0,96.5
640, ,96.1,96.3
641, ,96.0,96.5
642, ,96.0,96.5
643, ,95.8,96.6
644, ,95.9,96.6
645, ,96.0,96.5
646, ,96.1,96.5
647, ,96.1,96.5
648, ,95.9,96.5
649, ,95.8,96.5
650, ,95.8,96.5
651, ,95.8,96.5
652, ,96.0,96.5
653, ,96.1,96.5
654, ,96.0,96.4
655, ,95.9,96.4
656, ,95.8,96.6
657, ,95.9,96.4
658, ,96.0,96.4
659, ,96.0,96.4
660, ,95.9,96.4
661, ,95.8,96.5
662, , ,96.5
663, , ,96.4
664, , ,96.4
665, , ,96.4
666, , ,96.5
667, , ,96.6
668, , ,96.5
669, , ,96.3
670, , ,96.3
671, , ,96.5
672, , ,96.4
673, , ,96.5
674, , ,96.5
675, , ,96.4
676, , ,96.5
677, , ,96.5
678, , ,96.4
679, , ,96.5
680, , ,96.4
681, , ,96.5
682, , ,96.5
683, , ,96.3
684, , ,96.4
685, , ,96.7
686, , ,96.7
687, , ,96.7
688, , ,96.6
689, , ,96.4
690, , ,96.4
691, , ,96.6
692, , ,96.6
693, , ,96.5
694, , ,96.4
695, , ,96.3
696, , ,96.5
697, , ,96.6
698, , ,96.5
699, , ,96.4
700, , ,96.4
701, , ,96.4
702, , ,96.5
703, , ,96.7
704, , ,96.5
705, , ,96.4
706, , ,96.6
707, , ,96.5
708, , ,96.5
709, , ,96.6
710, , ,96.5
711, , ,96.6
712, , ,96.5
713, , ,96.4
714, , ,96.4
715, , ,96.4
716, , ,96.9
717, , ,96.9
718, , ,96.7
719, , ,96.7
720, , ,96.7
721, , ,96.8
722, , ,96.7
723, , ,96.7
724, , ,96.5
725, , ,96.5
726, , ,96.5
727, , ,96.4
728, , ,96.5
729, , ,96.5
730, , ,96.4
731, , ,96.5
732, , ,96.5
733, , ,96.6
734, , ,96.5
735, , ,96.4
736, , ,96.5
737, , ,96.4
738, , ,96.4
739, , ,96.5
740, , ,96.4
741, , ,96.5
742, , ,96.4
743, , ,96.3
744, , ,96.3
745, , ,96.4
746, , ,96.5
747, , ,96.4
748, , ,96.4
749, , ,96.3
750, , ,96.3
751, , ,96.4
752, , ,96.5
753, , ,96.3
754, , ,96.2
755, , ,96.2
756, , ,96.2
757, , ,96.2
758, , ,96.3
759, , ,96.2
760, , ,96.2
761, , ,96.3
762, , ,96.4
763, , ,96.5
764, , ,96.4
765, , ,96.3
766, , ,96.5
767, , ,96.6
768, , ,96.6
769, , ,96.5
770, , ,96.5
771, , ,96.5
772, , ,96.6
773, , ,96.5
774, , ,96.5
775, , ,96.5
776, , ,96.5
777, , ,96.5
778, , ,96.5
779, , ,96.4
780, , ,96.5
781, , ,96.6
782, , ,96.5
783, , ,96.6
784, , ,96.6
785, , ,96.4
786, , ,96.5
787, , ,96.6
788, , ,96.5
789, , ,96.5
790, , ,96.5
791, , ,96.5
792, , ,96.6
793, , ,96.8
794, , ,96.7
795, , ,96.6
796, , ,96.7
797, , ,96.6
798, , ,96.6
799, , ,96.6
800, , ,96.5
801, , ,96.5
802, , ,96.6
803, , ,96.5
804, , ,96.6
805, , ,96.7
806, , ,96.6
807, , ,96.7
808, , ,96.4
809, , ,96.5
810, , ,96.5
811, , ,96.5
812, , ,96.6
813, , ,96.5
814, , ,96.4
815, , ,96.6
816, , ,96.7
817, , ,96.5
818, , ,96.5
819, , ,96.4
820, , ,96.3
821, , ,96.4
822, , ,96.4
823, , ,96.3
824, , ,96.3
825, , ,96.4
826, , ,96.3
827, , ,96.5
828, , ,96.6
829, , ,96.5
830, , ,96.5
831, , ,96.5
832, , ,96.4
833, , ,96.5
834, , ,96.6
835, , ,96.5
836, , ,96.5
837, , ,96.6
838, , ,96.5
839, , ,96.6
840, , ,96.5
841, , ,96.5
842, , ,96.6
843, , ,96.5
844, , ,96.5
845, , ,96.6
846, , ,96.5
847, , ,96.5
848, , ,96.5
849, , ,96.4
850, , ,96.5
851, , ,96.6
852, , ,96.5
853, , ,96.6
854, , ,96.7
855, , ,96.5
856, , ,96.5
857, , ,96.6
858, , ,96.5
859, , ,96.5
860, , ,96.4
861, , ,96.4
862, , ,96.5
863, , ,96.5
864, , ,96.3
865, , ,96.4
866, , ,96.4
867, , ,96.4
868, , ,96.5
869, , ,96.6
870, , ,96.6
871, , ,96.6
872, , ,96.5
873, , ,96.5
874, , ,96.6
875, , ,96.5
876, , ,96.6
877, , ,96.8
878, , ,96.6
879, , ,96.6
880, , ,96.8
881, , ,96.8
882, , ,96.8
883, , ,96.9
884, , ,96.8
885, , ,96.7
886, , ,96.7
887, , ,96.7
888, , ,96.6
889, , ,96.6
890, , ,96.4
891, , ,96.4
892, , ,96.5
893, , ,96.4
894, , ,96.5
895, , ,96.4
896, , ,96.3
897, , ,96.3
898, , ,96.5
899, , ,96.5
900, , ,96.5
901, , ,96.4
902, , ,113.2
903, , ,97.8
904, , ,97.6
905, , ,97.5
906, , ,97.4
907, , ,97.2
908, , ,97.1
909, , ,97.3
910, , ,97.2
911, , ,97.1
912, , ,97.0
913, , ,96.8
914, , ,96.8
915, , ,96.8
916, , ,96.8
917, , ,96.7
918, , ,96.7
919, , ,96.6
920, , ,96.5
921, , ,96.5
922, , ,96.5
923, , ,96.5
924, , ,96.5
925, , ,96.4
926, , ,96.4
927, , ,96.5
928, , ,96.5
929, , ,96.4
930, , ,96.4
931, , ,96.3
932, , ,96.2
933, , ,96.3
934, , ,96.3
935, , ,96.3
936, , ,96.3
937, , ,96.2
938, , ,96.2
939, , ,96.2
940, , ,96.4
941, , ,96.5
942, , ,96.5
943, , ,96.4
944, , ,96.4
945, , ,96.4
946, , ,96.4
947, , ,96.5
948, , ,96.4
949, , ,96.4
950, , ,96.4
951, , ,96.4
952, , ,96.4
953, , ,96.5
954, , ,96.4
955, , ,96.4
956, , ,96.5
957, , ,96.5
958, , ,96.5
959, , ,96.4
960, , ,96.3
