time,w1,w2,w3
1,111.7,96.3,104.8
2,123.6,121.8,122.2
3,123.7,121.9,122.2
4,123.7,122.2,122.2
5,123.6,122.1,122.2
6,123.6,122.2,122.4
7,123.4,122.2,122.6
8,123.4,122.2,122.7
9,123.6,122.4,122.6
10,123.6,122.5,122.6
11,123.5,122.7,122.7
12,110.2,122.5,122.7
13,109.7,122.4,122.7
14,109.1,122.4,114.8
15,99.8,104.1,108.2
16,99.7,103.6,102.1
17,99.6,103.2,101.5
18,99.3,102.9,101.0
19,99.2,96.8,100.6
20,99.1,96.9,100.4
21,98.9,97.0,99.9
22,98.8,96.9,99.7
23,98.7,97.1,99.4
24,98.6,97.1,99.3
25,98.8,97.3,99.6
26,98.7,97.4,99.9
27,98.5,97.5,100.0
28,98.5,97.4,100.1
29,98.3,97.4,100.1
30,98.4,97.5,100.3
31,98.5,97.5,100.4
32,98.4,97.6,100.5
33,98.3,97.6,100.5
34,98.2,97.5,100.5
35,98.0,97.5,100.4
36,98.1,97.4,100.1
37,98.2,97.4,100.0
38,98.0,97.5,99.8
39,97.9,97.7,100.0
40,97.9,97.5,99.8
41,97.9,97.5,99.6
42,98.0,97.5,99.5
43,98.0,97.4,99.2
44,97.9,97.6,99.0
45,97.9,97.5,98.8
46,98.0,97.6,98.6
47,98.0,97.5,98.4
48,98.1,97.5,98.6
49,98.0,97.4,98.5
50,97.9,97.6,98.3
51,97.9,97.6,98.2
52,98.0,97.8,98.3
53,97.8,97.7,98.3
54,98.0,97.6,98.2
55,97.9,97.5,98.3
56,97.8,97.5,98.1
57,97.7,97.5,98.0
58,97.8,97.6,98.2
59,97.7,97.6,98.0
60,98.1,97.4,98.1
61,98.5,97.4,98.1
62,98.8,97.4,97.9
63,98.8,97.4,97.9
64,98.5,97.5,97.8
65,98.5,97.5,97.8
66,98.6,97.3,97.9
67,98.4,97.3,97.8
68,98.3,97.4,97.9
69,98.1,97.4,97.8
70,97.9,97.3,97.8
71,97.9,97.3,97.8
72,97.9,97.2,97.8
73,97.8,97.2,97.6
74,97.8,97.3,97.5
75,97.8,97.3,97.5
76,97.6,97.3,97.3
77,97.6,97.3,97.5
78,97.6,97.2,97.6
79,97.6,97.1,97.4
80,97.6,97.1,97.5
81,97.6,97.3,97.5
82,97.5,97.3,97.4
83,97.4,97.2,97.4
84,97.6,97.2,97.5
85,97.7,97.2,97.4
86,97.7,97.2,97.4
87,97.8,97.5,97.6
88,97.6,97.4,97.5
89,97.7,97.3,97.4
90,97.8,97.2,97.6
91,97.9,97.2,97.5
92,98.0,97.1,97.5
93,97.9,97.4,97.8
94,97.7,97.4,97.6
95,97.8,97.2,97.5
96,98.0,97.3,97.7
97,97.9,97.3,97.5
98,97.9,97.3,97.6
99,97.8,97.4,97.5
100,98.2,97.4,97.4
101,98.3,97.3,97.6
102,98.3,97.3,97.7
103,98.3,97.3,97.5
104,98.3,97.3,97.6
105,98.2,97.5,97.6
106,98.3,97.5,97.5
107,98.3,97.4,97.7
108,98.4,97.4,97.6
109,98.4,97.6,97.6
110,98.3,97.5,97.5
111,98.3,97.7,97.4
112,98.5,97.6,97.4
113,98.4,97.5,97.6
114,98.3,97.5,97.5
115,98.4,97.4,97.5
116,98.5,97.5,97.5
117,98.4,97.5,97.6
118,98.4,97.3,97.6
119,98.4,97.4,97.7
120,98.4,97.4,97.7
121,98.5,97.3,97.7
122,98.5,97.5,97.8
123,98.3,97.8,97.8
124,98.2,97.7,97.8
125,98.2,97.7,97.9
126,98.2,97.9,97.8
127,98.4,97.7,97.7
128,98.3,97.9,97.7
129,98.2,97.9,97.6
130,98.2,97.6,97.6
131,98.2,97.5,97.8
132,98.4,97.5,97.8
133,98.4,97.4,97.6
134,98.3,97.4,97.6
135,98.3,97.6,97.5
136,98.4,97.4,97.5
137,98.4,97.5,97.6
138,98.3,97.7,97.5
139,98.4,97.5,97.5
140,98.3,97.5,97.4
141,98.3,97.6,97.3
142,98.4,97.5,97.3
143,98.2,97.5,97.4
144,98.2,97.5,97.5
145,98.3,97.3,97.6
146,98.3,97.4,97.5
147,98.3,97.4,97.5
148,98.3,97.3,97.4
149,98.2,97.3,97.5
150,98.4,97.2,97.6
151,98.4,97.2,97.6
152,98.5,97.3,97.5
153,98.4,97.2,97.6
154,98.3,97.2,97.6
155,98.1,97.2,97.7
156,98.4,97.1,97.8
157,98.4,97.4,97.7
158,98.2,97.4,97.6
159,98.2,97.4,97.6
160,98.1,97.4,97.5
161,98.0,97.4,97.4
162,98.2,97.3,97.6
163,98.1,97.4,97.7
164,97.9,97.6,97.6
165,97.8,97.6,97.5
166,97.8,97.6,97.5
167,97.9,97.6,97.6
168,98.0,97.5,97.7
169,97.9,97.4,97.7
170,97.8,97.4,97.5
171,97.8,97.4,97.6
172,97.8,97.4,97.6
173,97.7,97.3,97.7
174,97.9,97.2,97.7
175,97.8,97.2,97.7
176,97.8,97.3,97.6
177,97.8,97.4,97.7
178,97.6,97.4,97.6
179,97.6,97.3,97.8
180,97.7,97.2,97.8
181,97.7,97.2,97.7
182,97.8,97.4,97.7
183,97.8,97.6,97.7
184,97.5,97.6,97.6
185,97.5,97.5,97.8
186,97.6,97.5,97.8
187,97.7,97.6,97.7
188,97.6,97.6,97.8
189,97.6,97.7,97.9
190,97.5,97.7,97.8
191,97.5,97.5,98.0
192,97.7,97.7,98.0
193,97.6,97.8,97.7
194,97.6,97.8,97.7
195,97.6,97.9,97.7
196,97.5,97.9,97.7
197,97.6,97.7,97.8
198,97.9,97.7,97.8
199,97.7,97.8,97.7
200,97.7,97.7,97.7
201,97.7,97.9,97.7
202,97.7,97.8,97.6
203,97.7,97.7,97.6
204,97.8,98.0,97.8
205,97.7,97.9,97.7
206,97.7,97.7,97.6
207,97.7,98.0,97.5
208,97.6,98.0,97.4
209,97.6,97.9,97.5
210,97.5,98.1,97.5
211,97.6,98.0,97.4
212,97.8,98.0,97.4
213,97.6,98.1,97.3
214,97.5,97.9,97.2
215,97.4,97.8,97.4
216,97.5,97.7,97.5
217,97.7,97.6,97.4
218,97.8,97.8,97.4
219,97.7,97.8,97.2
220,97.6,97.7,97.2
221,97.7,97.8,97.3
222,97.8,97.8,97.1
223,97.9,97.6,97.2
224,97.8,97.8,97.2
225,97.6,97.9,97.2
226,97.6,97.8,97.3
227,97.7,97.9,97.4
228,97.8,97.9,97.3
229,97.8,97.8,97.5
230,97.7,97.9,97.5
231,97.6,98.0,97.3
232,97.8,97.9,97.4
233,97.7,98.1,97.5
234,97.7,98.1,97.4
235,97.7,97.9,97.4
236,97.7,97.9,97.3
237,97.7,98.0,97.2
238,97.7,97.8,97.4
239,97.5,97.8,97.5
240,97.7,97.8,97.3
241,97.7,97.7,97.3
242,97.7,98.0,97.3
243,97.6,98.0,97.2
244,97.5,97.9,97.4
245,97.3,97.8,97.4
246,97.6,97.7,97.4
247,97.7,97.6,97.4
248,97.5,97.9,97.3
249,97.4,97.7,97.2
250,97.4,97.6,97.3
251,97.3,97.6,97.3
252,97.5,97.5,97.2
253,97.4,97.5,97.2
254,97.3,97.5,97.1
255,97.3,97.5,97.2
256,97.3,97.4,97.2
257,97.3,97.4,97.2
258,97.6,97.3,97.4
259,97.5,97.3,97.4
260,97.4,97.3,97.3
261,97.4,97.3,97.2
262,97.6,97.4,97.4
263,97.6,97.5,97.4
264,97.6,97.3,97.3
265,97.6,97.3,97.3
266,97.5,97.3,97.2
267,97.7,97.2,97.4
268,97.7,97.4,97.4
269,97.5,97.3,97.3
270,97.7,97.1,97.3
271,97.5,97.1,97.3
272,97.6,97.1,97.2
273,97.6,97.2,97.4
274,97.3,97.2,97.4
275,97.3,97.1,97.3
276,97.5,97.1,97.3
277,97.5,97.1,97.3
278,97.5,97.1,97.2
279,97.4,97.1,97.3
280,97.2,97.0,97.7
281,97.5,97.0,98.2
282,97.7,96.9,98.1
283,97.5,96.8,97.8
284,97.5,96.9,97.8
285,97.4,97.1,97.9
286,97.3,97.2,97.8
287,97.5,103.9,97.7
288,97.5,103.3,97.8
289,97.4,97.2,97.6
290,97.4,97.1,97.6
291,97.4,97.3,97.6
292,97.4,97.3,97.4
293,97.7,97.3,97.4
294,97.6,97.3,97.4
295,97.5,97.3,97.3
296,97.5,97.2,97.3
297,97.7,97.3,97.4
298,97.6,97.5,97.3
299,97.7,97.4,97.3
300,97.6,97.3,97.3
301,97.5,97.3,97.2
302,97.7,97.2,97.4
303,97.7,97.4,97.4
304,97.4,97.4,97.3
305,97.5,97.3,97.3
306,97.5,97.4,97.3
307,97.6,97.4,97.2
308,97.6,97.4,97.4
309,97.5,97.4,97.4
310,97.5,97.4,97.3
311,97.6,97.2,97.3
312,97.7,97.2,97.2
313,97.7,97.2,97.1
314,97.7,97.4,97.3
315,98.3,97.4,97.3
316,103.5,97.4,97.3
317,103.3,97.3,97.3
318,103.2,97.3,97.2
319,103.1,97.2,97.2
320,103.1,97.2,97.4
321,103.4,97.4,97.3
322,103.8,97.3,97.3
323,104.0,97.3,97.5
324,104.1,97.3,97.4
325,104.6,97.1,97.4
326,104.8,97.2,97.8
327,104.8,97.4,97.7
328,104.8,97.4,97.7
329,104.8,97.3,97.6
330,104.6,97.3,97.5
331,104.7,97.2,97.6
332,104.6,97.3,97.6
333,104.5,97.4,97.5
334,104.4,97.2,97.5
335,104.3,97.2,97.5
336,104.2,97.1,97.4
337,104.3,97.0,97.4
338,104.4,97.2,97.5
339,104.1,97.3,97.4
340,104.0,97.2,97.4
341,103.8,97.2,97.4
342,103.8,97.1,97.1
343,103.9,97.1,97.3
344,103.8,97.2,97.5
345,103.8,97.3,97.3
346,104.0,97.2,97.3
347,103.8,97.2,97.2
348,103.8,97.2,97.2
349,103.9,97.1,97.4
350,104.0,97.2,97.3
351,104.0,97.3,97.3
352,104.0,97.2,97.4
353,103.9,97.2,97.4
354,103.8,97.0,97.3
355,103.7,97.0,97.5
356,103.6,97.0,97.5
357,103.5,97.1,97.6
358,103.6,97.1,97.6
359,103.5,97.1,97.4
360,103.6,97.0,97.4
361,103.8,96.9,97.5
362,103.8,97.1,97.3
363,104.0,97.2,97.3
364,104.1,97.2,97.2
365,104.0,97.1,97.1
366,104.3,97.0,97.2
367,104.6,97.2,97.3
368,104.3,97.4,97.2
369,104.2,97.3,97.2
370,104.2,97.3,97.2
371,104.2,97.3,97.1
372,104.6,97.3,97.2
373,105.0,97.3,97.2
374,105.2,97.4,97.3
375,105.6,97.4,97.4
376,105.8,97.4,97.4
377,105.6,97.4,97.2
378,105.5,97.3,97.4
379,105.2,97.3,97.4
380,105.1,97.4,97.3
381,105.0,97.4,97.3
382,105.1,97.4,97.2
383,105.2,97.6,97.2
384,105.3,97.6,97.4
385,105.2,97.5,97.4
386,105.5,97.5,97.3
387,105.6,97.6,97.5
388,105.6,97.7,97.5
389,105.7,97.7,97.5
390,105.7,98.0,97.7
391,105.6,97.9,97.6
392,105.7,97.7,97.6
393,105.3,97.8,97.7
394,104.9,97.8,97.6
395,104.6,97.7,97.6
396,104.4,97.6,97.6
397,104.4,97.5,97.4
398,104.4,97.4,97.4
399,104.5,97.5,97.4
400,104.5,97.4,97.3
401,104.5,97.3,97.4
402,104.7,97.4,97.5
403,104.7,97.4,97.4
404,104.8,97.4,97.5
405,104.7,97.4,97.5
406,104.6,97.4,97.5
407,104.5,97.3,97.7
408,104.5,97.4,97.7
409,104.5,97.4,97.5
410,104.4,97.3,97.5
411,104.2,97.4,97.4
412,104.2,97.3,97.3
413,104.1,97.2,97.5
414,104.1,97.3,97.5
415,104.0,97.3,97.4
416,104.0,97.2,97.5
417,103.9,97.4,97.3
418,103.9,97.4,97.4
419,103.8,97.2,97.5
420,103.8,97.1,97.5
421,103.7,97.1,97.5
422,103.7,97.1,97.7
423,103.6,97.3,97.6
424,104.0,97.1,97.5
425,103.8,97.1,97.6
426,103.6,97.1,97.5
427,103.5,97.0,97.5
428,103.5,97.1,97.6
429,103.3,97.1,97.5
430,103.3,97.0,97.5
431,103.3,97.0,97.6
432,103.3,97.0,97.5
433,103.3,96.9,97.4
434,103.5,97.0,97.4
435,103.5,97.2,97.3
436,103.5,97.1,97.5
437,103.6,97.3,97.5
438,103.5,97.6,97.7
439,103.6,97.4,97.7
440,103.5,97.4,97.7
441,103.5,97.6,97.5
442,103.5,97.5,97.5
443,103.5,97.6,97.6
444,103.4,97.6,97.6
445,103.5,97.4,97.5
446,103.6,97.4,97.6
447,103.5,97.6,97.5
448,103.5,97.5,97.5
449,103.4,97.5,97.7
450,103.4,97.5,97.7
451,103.3,97.4,97.7
452,103.2,97.4,97.6
453,103.5,97.4,97.6
454,103.8,97.2,97.6
455,103.9,97.3,97.6
456,104.0,97.1,97.7
457,104.0,97.1,97.9
458,104.0,97.2,97.8
459,103.9,97.1,97.8
460,104.0,97.2,97.7
461,104.0,97.1,97.7
462,104.0,97.0,97.7
463,104.2,97.0,97.9
464,104.2,97.1,97.9
465,104.1,97.2,97.9
466,104.4,97.2,97.9
467,113.6,97.2,97.8
468,113.4,97.1,97.8
469,113.3,97.1,97.9
470,113.2,97.2,97.8
471,113.5,97.2,97.7
472,113.3,97.3,97.8
473,107.8,97.3,97.8
474,107.7,97.2,97.8
475,107.5,97.2,97.7
476,107.4,97.3,97.6
477,106.8,97.3,97.8
478,106.3,97.5,97.9
479,106.2,97.5,97.7
480,106.1,97.4,97.9
481,106.0,97.5,97.8
482,116.1,97.6,97.7
483,122.6,97.5,97.8
484,123.0,97.5,97.8
485,123.5,97.6,97.8
486,123.9,97.6,97.9
487,123.8,97.7,97.8
488,109.1,97.7,97.8
489,108.9,97.6,97.9
490,108.3,97.5,97.8
491,108.1,97.4,97.8
492,107.7,97.4,98.0
493,107.1,97.5,97.8
494,107.0,97.6,97.8
495,116.7,97.6,98.0
496,107.2,97.5,97.9
497,107.7,97.4,97.8
498,107.5,97.4,97.9
499,106.9,97.5,97.9
500,106.6,97.6,97.8
501,106.2,97.6,97.9
502,105.9,97.6,97.8
503,105.7,97.8,98.1
504,105.5,97.8,98.1
505,105.1,97.9,98.1
506,104.9,97.9,98.1
507,105.0,98.0,98.1
508,112.4,98.0,98.0
509,120.6,97.8,97.9
510,120.8,97.8,97.9
511,127.1,98.0,97.7
512,113.8,97.9,97.6
513,102.1,98.0,97.8
514,102.1,98.0,97.7
515,107.4,97.8,97.7
516,106.8,97.8,97.6
517,106.4,98.0,97.5
518,106.0,97.8,97.5
519,105.5,97.7,97.6
520,105.1,97.6,97.6
521,105.6,97.5,97.5
522,124.9,97.6,97.3
523,125.2,97.7,97.2
524,125.5,97.7,97.3
525,125.8,97.8,97.3
526,126.1,97.7,97.3
527,126.2,97.8,97.5
528,126.4,97.9,97.5
529,126.6,97.8,97.5
530,126.7,97.8,97.5
531,135.1,97.8,97.5
532,110.9,97.8,97.6
533,120.4,97.9,97.8
534,129.2,97.9,97.6
535,128.9,98.0,97.7
536,128.8,98.1,97.7
537,128.6,98.0,97.9
538,128.1,97.9,98.2
539,128.0,98.0,98.2
540,128.0,98.0,98.0
541,127.9,97.9,97.9
542,127.9,97.9,97.9
543,127.9,98.0,97.9
544,128.0,97.9,97.9
545,128.0,98.0,97.8
546,128.0,97.8,97.6
547,128.0,97.6,97.6
548,128.0,97.7,97.5
549,128.0,97.7,97.6
550,128.0,97.6,97.8
551,128.1,97.6,97.7
552,128.1,97.6,97.5
553,128.1,97.4,97.3
554,128.2,97.3,97.2
555,128.1,97.2,97.3
556,128.1,97.2,97.4
557,128.3,97.3,97.3
558,128.2,97.3,97.4
559,128.2,97.2,97.3
560,128.2,97.1,97.3
561,128.1,97.0,97.3
562,128.3,97.2,97.5
563,128.3,97.4,97.3
564,128.3,97.2,97.4
565,128.2,97.2,97.3
566,128.2,97.1,97.2
567,128.2,97.0,97.1
568,128.2,97.1,97.3
569,133.7,97.2,97.3
570,133.1,97.1,97.3
571,132.6,97.1,97.3
572,132.1,97.1,97.2
573,131.6,97.0,97.4
574,131.3,97.0,97.5
575,131.0,97.2,97.4
576,130.6,97.2,97.4
577,130.3,97.4,97.5
578,130.0,97.4,97.4
579,129.8,97.3,97.6
580,129.7,97.2,97.7
581,129.5,97.5,97.6
582,129.4,97.3,97.5
583,129.3,97.5,97.4
584,129.1,97.5,97.4
585,129.1,97.3,97.5
586,115.6,97.3,97.6
587,101.5,97.3,97.5
588,101.2,97.2,97.5
589,100.9,97.2,97.5
590,100.5,97.3,97.3
591,100.4,97.4,97.5
592,100.2,97.5,97.5
593,100.0,97.4,97.5
594,99.9,97.4,97.5
595,99.8,97.4,97.4
596,99.6,97.3,97.4
597,99.5,97.3,103.9
598,99.4,97.2,97.4
599,99.2,97.1,97.4
600,99.1,97.1,97.4
601,99.0,97.2,97.3
602,98.8,97.2,97.3
603,98.7,97.2,97.5
604,98.7,97.1,97.4
605,98.5,97.4,97.5
606,98.5,97.7,97.5
607,98.6,97.7,97.3
608,98.5,97.7,97.4
609,98.4,97.7,97.6
610,98.4,97.5,97.5
611,98.4,97.3,97.5
612,98.4,97.4,97.5
613,98.3,97.5,97.3
614,98.3,97.6,97.3
615,98.3,97.6,97.5
616,98.3,98.0,97.4
617,98.3,106.0,97.5
618,98.4,106.4,97.5
619,98.2,106.7,97.3
620,98.2,106.4,97.3
621,98.2,106.3,97.5
622,98.2,106.3,97.4
623,98.2,106.4,97.5
624,98.2,106.4,97.5
625,98.0,106.5,97.4
626,98.1,119.1,97.6
627,98.1,119.0,97.5
628,98.2,118.7,97.5
629,98.2,118.5,97.6
630,98.2,118.5,97.5
631,98.0,118.1,97.5
632,98.2,117.7,97.7
633,98.1,117.4,97.6
634,98.1,116.9,97.5
635,98.1,116.6,97.5
636,98.1,111.5,97.4
637,98.0,117.5,97.4
638,98.1,108.7,97.6
639,98.0,108.2,97.7
640,98.1,125.9,97.7
641,98.2,126.0,97.7
642,98.1,126.2,97.6
643,98.0,126.3,97.5
644,98.0,126.6,97.6
645, ,126.7,97.6
646, ,126.8,97.6
647, ,126.9,97.5
648, ,126.9,97.4
649, ,126.9,97.5
650, ,127.1,97.6
651, ,127.2,97.5
652, ,127.1,97.6
653, ,127.3,97.5
654, ,127.5,97.4
655, ,127.4,97.5
656, ,127.4,97.6
657, ,127.3,97.5
658, ,127.3,97.6
659, ,127.3,97.6
660, ,127.4,97.4
661, ,127.5,97.4
662, ,127.5,97.5
663, ,127.5,97.6
664, ,127.5,97.6
665, ,127.4,97.4
666, ,127.4,97.4
667, ,127.5,97.6
668, ,127.6,97.8
669, ,127.5,97.8
670, ,127.5,97.7
671, ,127.5,97.6
672, ,127.5,97.6
673, ,127.6,97.8
674, ,127.6,97.7
675, ,127.6,97.7
676, ,127.6,97.6
677, ,127.7,97.5
678, ,127.9,97.6
679, ,128.0,97.6
680, ,128.0,97.6
681, ,127.9,97.7
682, ,127.8,97.7
683, ,127.8,97.5
684, ,127.9,97.4
685, ,128.0,97.4
686, ,128.0,97.5
687, ,128.0,97.5
688, ,128.1,97.5
689, ,128.1,97.4
690, ,128.0,97.4
691, ,128.1,97.4
692, ,128.1,97.6
693, ,128.0,97.7
694, ,128.0,97.7
695, ,128.0,97.5
696, ,128.0,97.6
697, ,128.1,97.5
698, ,128.1,97.6
699, ,128.0,97.6
700, ,128.0,97.5
701, ,127.9,97.5
702, ,128.0,97.7
703, ,128.2,97.6
704, ,128.2,97.5
705, ,128.1,97.6
706, ,128.1,97.5
707, ,128.1,97.5
708, ,128.0,97.7
709, ,128.2,97.5
710, ,128.2,97.5
711, ,128.2,97.6
712, ,128.3,97.5
713, ,128.4,97.5
714, ,128.4,97.5
715, ,128.5,97.5
716, ,128.4,97.6
717, ,128.2,97.8
718, ,100.0,97.7
719, ,99.7,97.6
720, ,99.5,97.6
721, ,99.6,97.5
722, ,99.3,97.6
723, ,99.3,97.9
724, ,99.2,97.8
725, ,99.0,97.8
726, ,98.9,97.7
727, ,99.0,97.5
728, ,98.8,97.7
729, ,98.7,97.9
730, ,98.7,97.8
731, ,98.5,97.7
732, ,98.5,97.7
733, ,98.6,97.6
734, ,98.5,97.8
735, ,98.5,97.7
736, ,98.4,97.6
737, ,98.4,97.7
738, ,98.4,97.6
739, ,98.4,97.6
740, ,98.4,97.7
741, ,98.3,97.6
742, ,98.2,97.6
743, ,98.3,97.8
744, ,98.3,97.7
745, ,98.3,97.6
746, ,98.3,97.7
747, ,98.3,97.6
748, ,98.3,97.7
749, ,98.3,97.7
750, ,98.3,97.7
751, ,98.3,97.7
752, ,98.3,97.9
753, ,98.3,97.8
754, ,98.1,97.7
755, ,98.2,97.7
756, ,98.3,97.6
757, ,98.2,97.8
758, ,98.1,97.9
759, ,98.0,97.7
760, ,97.9,97.7
761, ,97.9,97.6
762, ,98.0,97.5
763, ,98.0,97.7
764, ,98.1,97.8
765, ,98.0,97.6
766, ,98.0,97.6
767, ,98.0,97.6
768, ,98.0,97.5
769, ,98.2,97.5
770, ,98.1,97.6
771, ,98.0,97.6
772, ,97.9,97.8
773, ,97.8,97.8
774, ,97.7,97.7
775, ,97.9,97.9
776, , ,97.9
777, , ,97.9
778, , ,98.1
779, , ,97.9
780, , ,97.9
781, , ,98.0
782, , ,98.0
783, , ,97.9
784, , ,97.9
785, , ,97.8
786, , ,97.7
787, , ,97.9
788, , ,97.8
789, , ,97.8
790, , ,97.8
791, , ,97.7
792, , ,97.8
793, , ,97.9
794, , ,97.8
795, , ,97.8
796, , ,97.7
797, , ,97.6
798, , ,97.6
799, , ,97.8
800, , ,97.7
801, , ,97.7
802, , ,97.7
803, , ,97.6
804, , ,97.7
805, , ,97.8
806, , ,97.8
807, , ,98.0
808, , ,97.9
809, , ,97.8
810, , ,97.8
811, , ,97.8
812, , ,97.8
813, , ,97.9
814, , ,97.7
815, , ,97.7
816, , ,97.7
817, , ,97.6
818, , ,97.7
819, , ,97.6
820, , ,97.5
821, , ,97.4
822, , ,97.4
823, , ,97.4
824, , ,97.5
825, , ,97.4
826, , ,97.3
827, , ,97.3
828, , ,97.3
829, , ,97.3
830, , ,97.4
831, , ,97.4
832, , ,97.3
833, , ,97.3
834, , ,97.3
835, , ,97.2
836, , ,97.4
837, , ,97.4
838, , ,97.3
839, , ,97.4
840, , ,97.2
841, , ,97.2
842, , ,97.4
843, , ,97.4
844, , ,97.3
845, , ,97.3
846, , ,97.2
847, , ,97.4
848, , ,97.6
849, , ,97.5
850, , ,97.4
851, , ,97.4
852, , ,97.3
853, , ,97.6
854, , ,97.6
855, , ,97.5
856, , ,97.4
857, , ,97.5
858, , ,97.4
859, , ,97.6
860, , ,97.6
861, , ,97.5
862, , ,97.5
863, , ,97.5
864, , ,97.4
865, , ,97.5
866, , ,97.6
867, , ,97.5
868, , ,97.4
869, , ,97.4
870, , ,97.4
871, , ,97.5
872, , ,97.5
873, , ,97.5
874, , ,97.5
875, , ,97.3
876, , ,97.4
877, , ,97.6
878, , ,97.5
879, , ,97.5
880, , ,97.5
881, , ,97.4
882, , ,97.4
883, , ,97.6
884, , ,97.6
885, , ,97.6
886, , ,97.5
887, , ,97.4
888, , ,97.4
889, , ,97.6
890, , ,97.7
891, , ,97.7
892, , ,97.7
893, , ,97.6
894, , ,97.6
895, , ,97.8
896, , ,97.8
897, , ,97.7
898, , ,97.7
899, , ,97.6
900, , ,97.5
901, , ,97.7
902, , ,97.6
903, , ,97.6
904, , ,97.6
905, , ,97.5
906, , ,97.5
907, , ,97.4
908, , ,97.6
909, , ,97.6
910, , ,97.5
911, , ,97.5
912, , ,97.7
913, , ,97.8
914, , ,97.8
915, , ,97.8
916, , ,98.3
917, , ,108.2
918, , ,108.1
919, , ,107.9
920, , ,107.7
921, , ,107.5
922, , ,107.3
923, , ,107.1
924, , ,106.9
925, , ,106.7
926, , ,106.8
927, , ,116.7
928, , ,116.8
929, , ,116.8
930, , ,116.7
931, , ,116.5
932, , ,116.3
933, , ,107.0
934, , ,106.5
935, , ,116.7
936, , ,125.5
937, , ,125.2
938, , ,124.7
939, , ,124.7
940, , ,106.2
941, , ,106.2
942, , ,106.3
943, , ,116.9
944, , ,122.4
945, , ,122.1
946, , ,121.8
947, , ,122.1
948, , ,122.7
949, , ,129.0
950, , ,129.0
951, , ,128.8
952, , ,128.7
953, , ,128.8
954, , ,128.7
955, , ,128.7
956, , ,128.7
957, , ,128.6
958, , ,128.6
959, , ,128.6
960, , ,128.5
961, , ,128.6
962, , ,128.7
963, , ,128.7
964, , ,128.6
965, , ,128.6
966, , ,128.7
967, , ,128.7
968, , ,128.7
969, , ,128.6
970, , ,128.6
971, , ,128.6
972, , ,128.6
973, , ,128.8
974, , ,128.8
975, , ,128.7
976, , ,128.7
977, , ,128.6
978, , ,128.6
979, , ,128.8
980, , ,128.8
981, , ,128.8
982, , ,129.0
983, , ,128.9
984, , ,129.1
985, , ,129.1
986, , ,128.9
987, , ,128.9
988, , ,129.1
989, , ,129.2
990, , ,129.2
991, , ,129.1
992, , ,129.0
993, , ,128.9
994, , ,129.1
995, , ,129.1
996, , ,129.0
997, , ,129.0
998, , ,128.9
999, , ,128.9
1000, , ,129.0
1001, , ,129.0
1002, , ,129.0
1003, , ,129.0
1004, , ,128.9
1005, , ,129.0
1006, , ,129.1
1007, , ,129.1
1008, , ,106.8
1009, , ,98.4
1010, , ,98.4
1011, , ,98.5
1012, , ,98.4
1013, , ,98.7
1014, , ,98.9
1015, , ,98.9
1016, , ,98.9
1017, , ,98.9
1018, , ,98.9
1019, , ,98.9
1020, , ,98.8
1021, , ,98.7
1022, , ,98.6
1023, , ,98.7
1024, , ,98.7
1025, , ,98.8
1026, , ,98.8
1027, , ,98.6
1028, , ,98.6
1029, , ,98.6
1030, , ,98.6
1031, , ,98.7
1032, , ,98.8
1033, , ,98.5
1034, , ,98.5
1035, , ,98.4
1036, , ,98.5
1037, , ,98.6
1038, , ,98.6
1039, , ,98.4
1040, , ,98.4
1041, , ,98.3
1042, , ,98.2
1043, , ,98.4
1044, , ,98.3
1045, , ,98.3
1046, , ,98.3
1047, , ,98.3
1048, , ,98.4
1049, , ,98.4
1050, , ,98.4
1051, , ,98.4
1052, , ,98.6
1053, , ,98.5
1054, , ,98.7
1055, , ,98.7
1056, , ,98.6
1057, , ,98.6
1058, , ,98.7
1059, , ,98.9
1060, , ,98.9
1061, , ,98.9
1062, , ,98.7
1063, , ,98.5
1064, , ,98.7
1065, , ,98.7
1066, , ,98.7
